Time,Open,High,Low,Close,Volume
2021-09-27T13:00:00+0000,344.9,345.8,344.9,345.0,32
2021-09-27T14:00:00+0000,344.9,345.5,344.8,345.5,6
2021-09-27T15:00:00+0000,347.2,347.4,347.2,347.4,2
2021-09-27T16:00:00+0000,346.1,346.1,345.9,346.0,8
2021-09-27T17:00:00+0000,345.5,345.5,345.5,345.5,1
2021-09-28T11:00:00+0000,344.2,344.2,344.2,344.2,1
2021-09-28T12:00:00+0000,344.7,344.7,344.7,344.7,1
2021-09-28T14:00:00+0000,343.6,343.8,343.6,343.8,3
2021-09-28T15:00:00+0000,343.4,343.4,343.0,343.1,6
2021-09-28T16:00:00+0000,344.5,344.5,344.5,344.5,3
2021-09-28T17:00:00+0000,344.5,344.5,344.1,344.3,4
2021-09-28T18:00:00+0000,344.0,344.0,344.0,344.0,15
2021-09-29T11:00:00+0000,345.2,345.2,345.2,345.2,3
2021-09-29T13:00:00+0000,344.6,345.5,344.6,345.5,40
2021-09-29T14:00:00+0000,345.1,345.8,345.1,345.1,32
2021-09-29T15:00:00+0000,344.8,344.9,344.5,344.9,6
2021-09-29T16:00:00+0000,344.9,345.4,344.9,345.4,5
2021-09-29T17:00:00+0000,345.7,345.8,345.7,345.8,3
2021-09-29T18:00:00+0000,345.9,345.9,345.9,345.9,2
2021-09-30T00:00:00+0000,344.5,344.5,344.5,344.5,4
2021-09-30T10:00:00+0000,344.3,344.4,344.2,344.2,4
2021-09-30T11:00:00+0000,344.3,344.6,344.3,344.6,6
2021-09-30T12:00:00+0000,344.6,344.9,344.6,344.9,16
2021-09-30T13:00:00+0000,344.0,344.6,343.8,344.6,6
2021-09-30T14:00:00+0000,345.0,345.3,344.2,344.2,10
2021-09-30T15:00:00+0000,343.8,343.8,343.1,343.2,8
2021-09-30T16:00:00+0000,342.5,342.9,340.0,340.0,15
2021-09-30T17:00:00+0000,339.9,340.0,339.3,339.4,22
2021-09-30T18:00:00+0000,340.0,340.0,339.0,339.6,35
2021-10-01T00:00:00+0000,339.3,339.3,339.3,339.3,1
2021-10-01T06:00:00+0000,339.0,339.0,339.0,339.0,1
2021-10-01T09:00:00+0000,340.9,341.2,340.9,341.0,22
2021-10-01T10:00:00+0000,342.2,343.0,342.2,343.0,22
2021-10-01T12:00:00+0000,342.6,342.7,342.5,342.5,8
2021-10-01T13:00:00+0000,341.0,341.4,340.8,341.4,128
2021-10-01T14:00:00+0000,340.6,341.3,340.2,340.9,16
2021-10-01T15:00:00+0000,339.2,339.8,338.9,339.8,65
2021-10-01T16:00:00+0000,339.5,339.7,339.5,339.7,27
2021-10-01T17:00:00+0000,339.6,339.6,338.9,339.0,73
2021-10-01T18:00:00+0000,339.1,339.5,339.1,339.5,6
2021-10-04T09:00:00+0000,339.5,339.9,339.5,339.9,3
2021-10-04T10:00:00+0000,339.6,339.8,339.6,339.6,7
2021-10-04T11:00:00+0000,339.8,340.0,339.1,339.1,12
2021-10-04T13:00:00+0000,339.2,339.4,338.5,338.5,85
2021-10-04T14:00:00+0000,338.5,339.0,338.5,338.5,243
2021-10-04T15:00:00+0000,338.5,338.5,337.4,337.4,38
2021-10-04T16:00:00+0000,337.9,338.5,337.9,338.0,20
2021-10-04T17:00:00+0000,337.4,337.4,337.4,337.4,1
2021-10-05T02:00:00+0000,337.0,337.0,337.0,337.0,32
2021-10-05T03:00:00+0000,336.5,336.5,336.5,336.5,9
2021-10-05T08:00:00+0000,336.7,336.9,336.7,336.9,4
2021-10-05T09:00:00+0000,336.7,336.7,336.7,336.7,1
2021-10-05T10:00:00+0000,336.9,337.3,336.9,337.3,4
2021-10-05T11:00:00+0000,336.7,336.7,336.7,336.7,1
2021-10-05T12:00:00+0000,336.7,336.9,336.7,336.9,3
2021-10-05T13:00:00+0000,336.9,337.5,336.0,336.5,79
2021-10-05T14:00:00+0000,336.2,336.7,335.8,336.1,51
2021-10-05T15:00:00+0000,336.3,337.1,336.3,336.9,16
2021-10-05T16:00:00+0000,337.2,337.2,336.5,336.8,15
2021-10-05T17:00:00+0000,336.6,336.6,336.0,336.0,15
2021-10-05T18:00:00+0000,335.9,335.9,335.9,335.9,1
2021-10-06T10:00:00+0000,337.1,337.8,337.1,337.8,57
2021-10-06T11:00:00+0000,337.6,338.7,337.6,338.7,35
2021-10-06T12:00:00+0000,338.7,338.7,337.5,337.5,8
2021-10-06T13:00:00+0000,337.6,337.9,336.5,337.5,26
2021-10-06T14:00:00+0000,337.6,338.9,337.6,338.1,62
2021-10-06T15:00:00+0000,339.5,339.7,338.6,338.6,90
2021-10-06T16:00:00+0000,338.1,338.1,336.5,336.5,21
2021-10-06T17:00:00+0000,336.8,337.8,336.8,337.8,2
2021-10-06T18:00:00+0000,336.8,336.8,336.5,336.7,4
2021-10-07T09:00:00+0000,338.0,339.5,338.0,339.5,46
2021-10-07T10:00:00+0000,338.6,338.6,338.6,338.6,1
2021-10-07T11:00:00+0000,338.9,339.6,338.9,339.0,20
2021-10-07T12:00:00+0000,338.4,338.4,337.9,337.9,9
2021-10-07T13:00:00+0000,338.5,338.5,336.1,336.7,38
2021-10-07T14:00:00+0000,336.5,336.5,335.7,335.7,6
2021-10-07T15:00:00+0000,335.5,336.1,335.5,335.8,16
2021-10-07T16:00:00+0000,336.1,336.4,335.5,335.5,72
2021-10-07T17:00:00+0000,335.1,335.1,334.4,334.4,32
2021-10-07T18:00:00+0000,334.0,334.1,333.9,333.9,39
2021-10-08T08:00:00+0000,335.4,335.4,335.4,335.4,1
2021-10-08T09:00:00+0000,335.2,335.2,335.2,335.2,1
2021-10-08T10:00:00+0000,334.9,335.8,334.9,335.8,7
2021-10-08T11:00:00+0000,335.6,335.6,335.4,335.4,23
2021-10-08T12:00:00+0000,335.2,335.2,335.1,335.1,6
2021-10-08T13:00:00+0000,334.3,334.3,333.7,333.7,5
2021-10-08T14:00:00+0000,333.3,334.9,333.3,334.5,24
2021-10-08T15:00:00+0000,334.2,334.9,334.1,334.7,67
2021-10-08T16:00:00+0000,334.2,334.5,333.3,333.3,5
2021-10-08T17:00:00+0000,333.5,333.5,333.0,333.3,69
2021-10-08T18:00:00+0000,333.0,333.1,332.5,332.5,45
2021-10-11T10:00:00+0000,332.9,332.9,332.9,332.9,1
2021-10-11T11:00:00+0000,333.1,333.1,333.1,333.1,1
2021-10-11T13:00:00+0000,332.7,332.8,332.2,332.2,25
2021-10-11T14:00:00+0000,332.5,332.9,331.8,332.1,34
2021-10-11T15:00:00+0000,332.3,332.3,331.7,331.8,12
2021-10-11T16:00:00+0000,332.0,332.0,331.0,331.2,19
2021-10-11T17:00:00+0000,331.0,331.1,330.5,331.1,114
2021-10-11T18:00:00+0000,330.5,330.6,330.1,330.3,11
2021-10-12T01:00:00+0000,330.0,330.0,330.0,330.0,3
2021-10-12T09:00:00+0000,329.9,329.9,329.9,329.9,1
2021-10-12T11:00:00+0000,330.2,330.2,330.1,330.2,4
2021-10-12T12:00:00+0000,330.1,330.1,330.1,330.1,1
2021-10-12T13:00:00+0000,330.8,330.9,330.3,330.3,34
2021-10-12T14:00:00+0000,329.7,330.8,329.5,330.5,107
2021-10-12T15:00:00+0000,330.5,330.5,329.6,329.8,24
2021-10-12T16:00:00+0000,329.0,331.1,327.5,328.3,67
2021-10-12T17:00:00+0000,327.7,328.0,325.7,325.7,32
2021-10-12T18:00:00+0000,325.7,325.8,325.6,325.6,5
2021-10-13T09:00:00+0000,325.5,325.5,325.0,325.2,21
2021-10-13T10:00:00+0000,325.0,325.1,324.8,325.1,17
2021-10-13T11:00:00+0000,325.1,325.9,324.7,325.9,31
2021-10-13T12:00:00+0000,325.6,326.0,325.6,326.0,2
2021-10-13T13:00:00+0000,326.9,327.0,326.3,326.3,15
2021-10-13T14:00:00+0000,325.8,326.0,324.3,324.4,114
2021-10-13T15:00:00+0000,324.0,327.0,324.0,326.3,34
2021-10-13T16:00:00+0000,326.1,326.2,325.3,325.5,46
2021-10-13T17:00:00+0000,325.5,325.5,324.0,324.0,13
2021-10-13T18:00:00+0000,324.6,324.8,324.6,324.7,4
2021-10-14T07:00:00+0000,324.9,324.9,324.8,324.8,3
2021-10-14T09:00:00+0000,323.8,324.3,323.8,324.3,6
2021-10-14T10:00:00+0000,324.8,325.4,324.8,325.1,28
2021-10-14T11:00:00+0000,325.8,326.9,325.8,326.9,23
2021-10-14T12:00:00+0000,326.8,328.0,326.3,328.0,31
2021-10-14T13:00:00+0000,327.1,327.6,325.8,326.9,44
2021-10-14T14:00:00+0000,325.9,326.8,325.8,325.8,78
2021-10-14T15:00:00+0000,325.4,325.5,323.5,323.5,64
2021-10-14T16:00:00+0000,325.6,325.7,325.6,325.6,5
2021-10-14T18:00:00+0000,325.4,325.6,324.8,324.8,13
2021-10-15T00:00:00+0000,324.8,324.8,324.8,324.8,5
2021-10-15T07:00:00+0000,326.6,326.7,326.6,326.7,3
2021-10-15T09:00:00+0000,326.7,326.7,326.7,326.7,1
2021-10-15T10:00:00+0000,327.3,327.6,327.3,327.4,7
2021-10-15T11:00:00+0000,327.6,328.4,327.6,328.4,23
2021-10-15T12:00:00+0000,328.0,328.0,327.6,327.8,8
2021-10-15T13:00:00+0000,328.0,328.0,327.2,328.0,5
2021-10-15T14:00:00+0000,327.9,328.2,327.6,327.7,23
2021-10-15T15:00:00+0000,327.3,327.3,326.5,326.7,6
2021-10-15T16:00:00+0000,325.5,326.5,325.1,326.5,8
2021-10-15T17:00:00+0000,325.3,325.3,325.3,325.3,1
2021-10-15T18:00:00+0000,325.4,325.4,325.3,325.4,8
2021-10-18T00:00:00+0000,326.3,327.0,326.3,327.0,6
2021-10-18T10:00:00+0000,324.7,324.7,324.7,324.7,2
2021-10-18T11:00:00+0000,324.8,324.8,324.2,324.2,2
2021-10-18T13:00:00+0000,324.2,324.3,323.8,324.3,68
2021-10-18T14:00:00+0000,324.3,324.6,324.0,324.0,76
2021-10-18T15:00:00+0000,324.7,324.7,324.2,324.2,23
2021-10-18T16:00:00+0000,325.6,325.9,325.6,325.8,34
2021-10-19T10:00:00+0000,327.2,327.2,327.2,327.2,3
2021-10-19T11:00:00+0000,327.3,327.5,327.3,327.4,9
2021-10-19T12:00:00+0000,328.1,328.4,327.9,327.9,21
2021-10-19T13:00:00+0000,327.6,329.5,327.6,329.4,42
2021-10-19T14:00:00+0000,329.0,331.8,329.0,331.8,80
2021-10-19T15:00:00+0000,331.8,331.8,329.6,329.6,36
2021-10-19T16:00:00+0000,329.1,329.1,328.2,328.4,9
2021-10-19T17:00:00+0000,328.5,328.7,327.8,328.5,68
2021-10-19T18:00:00+0000,328.4,328.4,328.2,328.2,2
2021-10-20T05:00:00+0000,328.6,328.6,328.5,328.5,2
2021-10-20T07:00:00+0000,328.5,328.5,328.2,328.2,4
2021-10-20T08:00:00+0000,328.9,329.0,328.5,328.5,5
2021-10-20T09:00:00+0000,328.4,328.6,328.4,328.4,10
2021-10-20T10:00:00+0000,328.6,328.7,328.6,328.7,2
2021-10-20T11:00:00+0000,329.6,329.6,329.6,329.6,1
2021-10-20T12:00:00+0000,329.5,329.5,329.5,329.5,4
2021-10-20T13:00:00+0000,330.6,332.6,330.6,332.6,39
2021-10-20T14:00:00+0000,331.6,332.2,330.8,331.0,81
2021-10-20T15:00:00+0000,331.0,331.3,330.9,330.9,16
2021-10-20T16:00:00+0000,331.2,331.3,330.7,330.7,5
2021-10-20T17:00:00+0000,330.8,330.9,329.7,330.1,27
2021-10-20T18:00:00+0000,329.4,330.6,329.4,330.4,5
2021-10-21T00:00:00+0000,331.3,331.3,331.3,331.3,2
2021-10-21T09:00:00+0000,330.2,331.0,330.2,331.0,24
2021-10-21T10:00:00+0000,330.4,330.4,330.4,330.4,1
2021-10-21T11:00:00+0000,330.1,330.1,329.9,330.0,6
2021-10-21T12:00:00+0000,330.1,330.1,329.8,329.8,2
2021-10-21T13:00:00+0000,330.8,331.1,330.0,330.0,9
2021-10-21T14:00:00+0000,329.8,329.8,329.3,329.8,16
2021-10-21T15:00:00+0000,329.3,329.3,327.3,327.5,11
2021-10-21T16:00:00+0000,326.6,327.3,326.6,327.2,8
2021-10-21T17:00:00+0000,327.5,327.7,327.3,327.5,6
2021-10-21T18:00:00+0000,327.1,328.3,327.1,328.2,8
2021-10-22T00:00:00+0000,328.3,328.3,328.3,328.3,2
2021-10-22T08:00:00+0000,330.4,330.5,330.0,330.0,9
2021-10-22T11:00:00+0000,330.8,330.8,330.5,330.5,3
2021-10-22T12:00:00+0000,330.3,330.3,330.1,330.1,3
2021-10-22T13:00:00+0000,330.4,330.7,330.4,330.5,8
2021-10-22T14:00:00+0000,330.5,330.5,329.4,329.8,21
2021-10-22T15:00:00+0000,329.5,329.6,329.1,329.3,75
2021-10-22T16:00:00+0000,329.2,329.2,329.2,329.2,2
2021-10-22T17:00:00+0000,329.1,329.2,328.8,328.8,7
2021-10-22T18:00:00+0000,327.9,329.2,327.9,329.2,5
2021-10-25T00:00:00+0000,327.0,327.0,326.9,326.9,24
2021-10-25T05:00:00+0000,330.7,330.7,330.5,330.5,2
2021-10-25T08:00:00+0000,331.8,331.8,331.6,331.6,3
2021-10-25T11:00:00+0000,331.9,331.9,331.9,331.9,5
2021-10-25T12:00:00+0000,331.6,331.7,331.5,331.7,4
2021-10-25T13:00:00+0000,331.5,331.5,329.5,329.5,3
2021-10-25T14:00:00+0000,329.0,330.1,329.0,329.6,31
2021-10-25T15:00:00+0000,329.6,330.1,328.5,328.5,32
2021-10-25T16:00:00+0000,328.6,328.7,328.1,328.2,33
2021-10-25T17:00:00+0000,328.4,329.0,328.1,329.0,37
2021-10-25T18:00:00+0000,329.3,330.3,329.3,329.4,12
2021-10-26T04:00:00+0000,329.4,329.4,329.4,329.4,1
2021-10-26T09:00:00+0000,329.4,329.9,329.3,329.3,8
2021-10-26T10:00:00+0000,329.7,329.8,329.5,329.5,6
2021-10-26T11:00:00+0000,328.7,328.8,328.7,328.8,4
2021-10-26T12:00:00+0000,328.5,328.5,328.5,328.5,1
2021-10-26T13:00:00+0000,329.3,329.3,328.4,328.8,10
2021-10-26T14:00:00+0000,329.1,330.0,328.9,329.6,42
2021-10-26T15:00:00+0000,329.4,329.7,329.1,329.6,15
2021-10-26T16:00:00+0000,331.7,331.7,331.0,331.0,10
2021-10-26T17:00:00+0000,330.6,330.6,329.0,329.5,8
2021-10-26T18:00:00+0000,330.1,330.1,330.1,330.1,1
2021-10-27T09:00:00+0000,329.2,329.4,329.2,329.4,7
2021-10-27T10:00:00+0000,329.1,329.1,329.1,329.1,1
2021-10-27T11:00:00+0000,329.4,329.4,329.3,329.3,6
2021-10-27T12:00:00+0000,329.4,329.5,329.4,329.5,7
2021-10-27T13:00:00+0000,330.3,331.3,329.9,331.2,10
2021-10-27T14:00:00+0000,332.6,336.4,332.2,335.0,61
2021-10-27T15:00:00+0000,335.3,336.1,335.2,335.4,55
2021-10-27T16:00:00+0000,335.6,335.6,332.7,332.7,13
2021-10-27T17:00:00+0000,332.5,333.8,332.5,333.6,12
2021-10-27T18:00:00+0000,334.0,334.0,333.3,333.3,6
2021-10-28T05:00:00+0000,332.5,332.5,332.5,332.5,6
2021-10-28T08:00:00+0000,333.3,333.3,333.0,333.0,7
2021-10-28T10:00:00+0000,333.3,333.5,333.3,333.5,2
2021-10-28T12:00:00+0000,334.1,334.1,333.6,333.6,17
2021-10-28T13:00:00+0000,333.4,335.2,333.4,335.2,5
2021-10-28T14:00:00+0000,335.8,337.1,335.8,336.8,7
2021-10-28T15:00:00+0000,336.9,337.0,334.9,335.1,41
2021-10-28T16:00:00+0000,335.1,335.2,334.9,334.9,3
2021-10-28T17:00:00+0000,334.7,335.4,334.7,335.3,5
2021-10-28T18:00:00+0000,335.5,335.5,335.5,335.5,1
2021-10-29T00:00:00+0000,336.0,336.1,336.0,336.1,4
2021-10-29T09:00:00+0000,337.1,337.2,337.1,337.1,5
2021-10-29T10:00:00+0000,337.2,337.4,337.2,337.4,23
2021-10-29T11:00:00+0000,337.5,337.6,337.3,337.3,3
2021-10-29T12:00:00+0000,337.9,337.9,337.1,337.1,3
2021-10-29T13:00:00+0000,336.5,336.6,336.5,336.6,6
2021-10-29T14:00:00+0000,336.5,336.5,335.1,335.1,24
2021-10-29T15:00:00+0000,334.1,334.1,333.0,334.0,8
2021-10-29T16:00:00+0000,333.8,334.0,333.8,334.0,2
2021-10-29T17:00:00+0000,333.8,333.8,333.8,333.8,1
2021-10-29T18:00:00+0000,335.8,336.0,335.8,336.0,2
2021-11-01T01:00:00+0000,336.0,336.0,336.0,336.0,1
2021-11-01T04:00:00+0000,334.7,334.7,334.7,334.7,1
2021-11-01T10:00:00+0000,333.6,333.6,333.5,333.5,2
2021-11-01T13:00:00+0000,334.4,334.6,333.4,333.4,9
2021-11-01T14:00:00+0000,334.6,336.6,334.6,336.3,5
2021-11-01T15:00:00+0000,335.5,335.5,335.5,335.5,1
2021-11-01T17:00:00+0000,333.9,333.9,333.8,333.9,4
2021-11-01T18:00:00+0000,333.5,333.5,333.5,333.5,2
2021-11-02T00:00:00+0000,332.5,332.5,332.5,332.5,1
2021-11-02T03:00:00+0000,333.1,333.1,333.1,333.1,4
2021-11-02T04:00:00+0000,333.2,333.2,333.2,333.2,2
2021-11-02T05:00:00+0000,333.1,333.1,333.1,333.1,1
2021-11-02T10:00:00+0000,335.0,335.0,335.0,335.0,1
2021-11-02T12:00:00+0000,335.9,335.9,335.7,335.7,9
2021-11-02T13:00:00+0000,335.8,337.0,335.8,337.0,4
2021-11-02T14:00:00+0000,337.4,337.4,336.6,336.6,6
2021-11-02T15:00:00+0000,335.7,336.7,335.7,336.5,4
2021-11-02T16:00:00+0000,335.4,337.9,335.4,337.9,29
2021-11-02T17:00:00+0000,338.6,338.6,337.8,338.1,6
2021-11-02T18:00:00+0000,338.1,338.5,338.1,338.5,2
2021-11-03T07:00:00+0000,336.9,337.2,336.7,337.2,3
2021-11-03T09:00:00+0000,337.8,337.8,337.8,337.8,1
2021-11-03T10:00:00+0000,337.2,337.2,337.2,337.2,1
2021-11-03T12:00:00+0000,337.5,337.5,337.4,337.4,2
2021-11-03T13:00:00+0000,338.3,340.3,338.3,340.3,29
2021-11-03T14:00:00+0000,339.4,339.5,337.7,337.7,9
2021-11-03T15:00:00+0000,337.9,337.9,337.1,337.1,3
2021-11-03T16:00:00+0000,337.5,337.5,336.6,336.7,7
2021-11-03T17:00:00+0000,336.8,338.1,336.8,337.7,35
2021-11-03T18:00:00+0000,338.4,339.0,338.4,339.0,3
2021-11-04T10:00:00+0000,337.8,337.8,337.8,337.8,1
2021-11-04T12:00:00+0000,337.4,337.4,337.4,337.4,1
2021-11-04T13:00:00+0000,337.9,338.5,337.9,338.4,18
2021-11-04T14:00:00+0000,337.7,339.2,337.0,337.9,39
2021-11-04T15:00:00+0000,337.5,338.5,336.7,336.7,6
2021-11-04T16:00:00+0000,336.2,336.5,335.5,336.5,9
2021-11-04T17:00:00+0000,337.2,337.2,336.2,336.4,7
2021-11-04T18:00:00+0000,336.0,336.7,335.9,336.7,28
2021-11-05T11:00:00+0000,335.7,335.7,335.7,335.7,2
2021-11-05T12:00:00+0000,335.5,335.5,335.2,335.2,5
2021-11-05T13:00:00+0000,335.9,336.4,335.9,336.0,7
2021-11-05T14:00:00+0000,337.0,337.0,336.3,336.3,2
2021-11-05T15:00:00+0000,335.4,335.4,332.9,332.9,20
2021-11-05T16:00:00+0000,333.0,333.4,332.5,332.6,40
2021-11-05T17:00:00+0000,332.6,333.6,332.6,332.9,81
2021-11-05T18:00:00+0000,333.2,333.2,331.0,331.0,30
2021-11-08T01:00:00+0000,331.3,331.3,331.1,331.1,2
2021-11-08T07:00:00+0000,332.1,332.1,332.1,332.1,1
2021-11-08T09:00:00+0000,332.1,332.1,332.1,332.1,1
2021-11-08T11:00:00+0000,332.5,332.5,332.5,332.5,1
2021-11-08T12:00:00+0000,332.1,332.1,331.6,331.6,27
2021-11-08T13:00:00+0000,331.7,332.2,331.0,331.0,8
2021-11-08T14:00:00+0000,331.0,333.1,331.0,333.1,30
2021-11-08T15:00:00+0000,332.8,333.0,331.2,332.6,44
2021-11-08T16:00:00+0000,332.2,332.4,331.0,331.4,42
2021-11-08T17:00:00+0000,331.5,331.7,330.9,331.4,64
2021-11-08T18:00:00+0000,332.0,332.0,331.1,331.1,11
2021-11-08T19:00:00+0000,330.7,331.0,330.7,331.0,30
2021-11-09T01:00:00+0000,332.0,332.0,330.7,330.7,6
2021-11-09T11:00:00+0000,332.2,332.2,332.2,332.2,5
2021-11-09T12:00:00+0000,332.5,333.2,332.5,333.1,47
2021-11-09T13:00:00+0000,332.7,332.7,332.7,332.7,1
2021-11-09T14:00:00+0000,333.6,334.4,333.5,334.3,10
2021-11-09T15:00:00+0000,334.9,334.9,332.9,332.9,24
2021-11-09T16:00:00+0000,332.3,332.5,331.2,332.1,67
2021-11-09T17:00:00+0000,338.8,341.0,338.0,338.3,64
2021-11-09T18:00:00+0000,338.5,338.5,338.5,338.5,2
2021-11-09T19:00:00+0000,338.8,339.1,338.5,338.5,3
2021-11-10T01:00:00+0000,338.5,338.5,338.5,338.5,1
2021-11-10T05:00:00+0000,337.9,337.9,337.9,337.9,1
2021-11-10T06:00:00+0000,338.4,338.4,338.4,338.4,4
2021-11-10T13:00:00+0000,338.5,338.5,338.5,338.5,1
2021-11-10T14:00:00+0000,337.3,337.3,337.1,337.1,18
2021-11-10T15:00:00+0000,337.4,337.6,336.9,337.6,37
2021-11-10T16:00:00+0000,337.6,338.9,336.9,338.9,34
2021-11-10T17:00:00+0000,339.1,339.1,338.1,338.7,13
2021-11-10T18:00:00+0000,338.8,338.9,338.2,338.9,52
2021-11-10T19:00:00+0000,339.5,340.3,339.2,339.9,25
2021-11-11T01:00:00+0000,340.0,340.0,339.2,340.0,6
2021-11-11T05:00:00+0000,339.8,339.8,339.8,339.8,1
2021-11-11T07:00:00+0000,339.7,339.7,339.7,339.7,1
2021-11-11T10:00:00+0000,339.7,339.7,339.7,339.7,1
2021-11-11T11:00:00+0000,340.2,340.2,340.2,340.2,2
2021-11-11T14:00:00+0000,339.7,340.0,339.3,340.0,4
2021-11-11T15:00:00+0000,339.9,340.5,338.7,339.5,77
2021-11-11T16:00:00+0000,339.4,340.4,339.3,340.0,43
2021-11-11T17:00:00+0000,339.7,339.7,339.3,339.4,8
2021-11-11T18:00:00+0000,340.4,340.5,340.0,340.2,28
2021-11-11T19:00:00+0000,341.0,341.1,339.7,339.7,3
2021-11-12T01:00:00+0000,339.2,340.1,339.2,340.1,2
2021-11-12T08:00:00+0000,341.4,341.5,341.4,341.5,3
2021-11-12T09:00:00+0000,341.6,342.0,341.6,342.0,2
2021-11-12T12:00:00+0000,341.1,341.1,341.1,341.1,1
2021-11-12T13:00:00+0000,342.0,342.0,342.0,342.0,1
2021-11-12T14:00:00+0000,341.4,342.2,341.2,342.2,60
2021-11-12T15:00:00+0000,342.1,342.3,341.3,341.3,13
2021-11-12T16:00:00+0000,343.2,346.9,342.7,346.5,29
2021-11-12T17:00:00+0000,347.9,348.8,347.1,347.3,66
2021-11-12T18:00:00+0000,348.0,349.2,347.6,347.7,55
2021-11-12T19:00:00+0000,347.2,347.3,347.0,347.3,12
2021-11-15T05:00:00+0000,346.6,346.6,346.6,346.6,1
2021-11-15T10:00:00+0000,347.0,347.0,346.8,346.8,2
2021-11-15T11:00:00+0000,346.5,347.8,346.5,347.8,3
2021-11-15T12:00:00+0000,347.4,347.8,347.4,347.8,23
2021-11-15T13:00:00+0000,347.4,347.4,347.4,347.4,1
2021-11-15T14:00:00+0000,350.5,354.1,350.5,354.1,5
2021-11-15T15:00:00+0000,351.7,355.7,351.7,355.1,8
2021-11-15T16:00:00+0000,354.9,356.0,354.7,354.7,57
2021-11-15T17:00:00+0000,355.2,357.7,355.2,357.4,30
2021-11-15T18:00:00+0000,357.4,358.4,357.4,357.7,42
2021-11-15T19:00:00+0000,357.5,358.5,357.5,358.5,21
2021-11-16T07:00:00+0000,357.2,357.2,357.2,357.2,1
2021-11-16T10:00:00+0000,356.0,356.0,356.0,356.0,2
2021-11-16T11:00:00+0000,356.5,356.5,356.5,356.5,1
2021-11-16T12:00:00+0000,356.2,356.2,356.2,356.2,1
2021-11-16T13:00:00+0000,356.7,357.5,356.7,357.5,23
2021-11-16T14:00:00+0000,357.3,357.3,356.1,356.1,19
2021-11-16T15:00:00+0000,356.0,356.7,355.7,356.5,49
2021-11-16T16:00:00+0000,355.7,356.1,354.8,355.3,37
2021-11-16T17:00:00+0000,355.3,355.6,355.3,355.4,23
2021-11-16T18:00:00+0000,355.5,355.5,355.1,355.1,18
2021-11-16T19:00:00+0000,355.1,355.2,354.4,355.2,54
2021-11-17T11:00:00+0000,355.3,355.5,355.3,355.5,4
2021-11-17T12:00:00+0000,354.6,355.3,354.6,355.3,27
2021-11-17T13:00:00+0000,355.5,355.5,354.8,354.8,11
2021-11-17T14:00:00+0000,354.7,360.6,354.7,360.6,8
2021-11-17T15:00:00+0000,360.6,364.0,360.5,363.8,141
2021-11-17T16:00:00+0000,363.0,363.0,358.8,358.9,50
2021-11-17T17:00:00+0000,358.8,359.1,357.4,357.4,46
2021-11-17T18:00:00+0000,357.6,357.8,356.6,357.0,7
2021-11-17T19:00:00+0000,357.8,359.9,357.7,359.9,28
2021-11-18T05:00:00+0000,358.7,358.7,358.7,358.7,1
2021-11-18T08:00:00+0000,360.3,360.3,359.7,359.8,4
2021-11-18T09:00:00+0000,360.1,360.1,360.1,360.1,1
2021-11-18T11:00:00+0000,360.2,360.2,360.2,360.2,1
2021-11-18T12:00:00+0000,360.2,360.7,360.2,360.7,2
2021-11-18T13:00:00+0000,360.4,360.4,359.9,359.9,2
2021-11-18T14:00:00+0000,359.7,360.6,359.7,360.2,36
2021-11-18T15:00:00+0000,360.5,360.5,358.5,358.5,39
2021-11-18T16:00:00+0000,358.4,358.5,356.9,356.9,9
2021-11-18T17:00:00+0000,356.8,357.0,356.1,356.3,34
2021-11-18T18:00:00+0000,355.8,356.2,355.8,355.9,21
2021-11-18T19:00:00+0000,354.7,354.7,353.6,353.6,2
2021-11-19T03:00:00+0000,356.2,356.2,356.2,356.2,1
2021-11-19T10:00:00+0000,353.9,354.1,353.9,354.1,4
2021-11-19T13:00:00+0000,352.4,352.6,352.3,352.6,4
2021-11-19T14:00:00+0000,353.5,358.9,353.5,358.0,252
2021-11-19T15:00:00+0000,357.0,357.8,356.9,357.4,6
2021-11-19T16:00:00+0000,357.2,358.0,357.2,357.4,5
2021-11-19T17:00:00+0000,356.9,357.1,356.8,356.8,8
2021-11-19T18:00:00+0000,356.5,356.5,355.9,355.9,7
2021-11-19T19:00:00+0000,355.9,357.0,355.9,356.6,18
2021-11-22T01:00:00+0000,356.6,356.6,356.6,356.6,2
2021-11-22T09:00:00+0000,355.7,355.7,355.4,355.4,4
2021-11-22T10:00:00+0000,354.3,354.3,354.3,354.3,2
2021-11-22T11:00:00+0000,354.0,354.0,354.0,354.0,1
2021-11-22T12:00:00+0000,354.4,354.4,354.4,354.4,1
2021-11-22T14:00:00+0000,357.9,357.9,356.6,356.7,64
2021-11-22T15:00:00+0000,357.4,357.4,357.0,357.4,3
2021-11-22T16:00:00+0000,359.3,359.3,359.1,359.1,13
2021-11-22T17:00:00+0000,358.5,358.9,358.2,358.2,9
2021-11-22T18:00:00+0000,358.3,358.9,358.0,358.5,27
2021-11-22T19:00:00+0000,358.6,358.7,358.5,358.5,18
2021-11-23T01:00:00+0000,358.4,358.4,358.4,358.4,1
2021-11-23T09:00:00+0000,357.4,357.4,357.4,357.4,1
2021-11-23T13:00:00+0000,357.2,357.2,357.2,357.2,1
2021-11-23T14:00:00+0000,357.2,357.4,355.4,355.5,44
2021-11-23T15:00:00+0000,355.7,357.5,355.7,357.3,4
2021-11-23T16:00:00+0000,357.0,357.0,357.0,357.0,1
2021-11-23T17:00:00+0000,356.1,357.2,356.1,356.3,71
2021-11-23T18:00:00+0000,356.3,356.7,356.2,356.3,52
2021-11-23T19:00:00+0000,356.4,356.4,355.1,355.1,16
2021-11-24T03:00:00+0000,355.3,355.3,355.3,355.3,4
2021-11-24T10:00:00+0000,356.5,356.6,356.5,356.6,11
2021-11-24T14:00:00+0000,351.0,351.6,350.9,351.0,17
2021-11-24T15:00:00+0000,352.7,353.2,349.7,349.9,90
2021-11-24T16:00:00+0000,350.1,350.1,349.0,349.4,32
2021-11-24T17:00:00+0000,349.8,349.8,349.8,349.8,1
2021-11-24T18:00:00+0000,349.4,349.4,349.1,349.1,2
2021-11-24T19:00:00+0000,349.2,349.7,349.0,349.7,20
2021-11-26T14:00:00+0000,346.0,347.4,346.0,347.4,72
2021-11-26T15:00:00+0000,347.3,347.3,346.6,346.6,2
2021-11-26T16:00:00+0000,346.0,346.3,346.0,346.3,292
2021-11-26T17:00:00+0000,346.8,347.7,346.8,347.6,40
2021-11-26T18:00:00+0000,347.3,347.3,347.3,347.3,1
2021-11-29T03:00:00+0000,352.6,352.6,352.6,352.6,8
2021-11-29T09:00:00+0000,350.9,351.0,350.8,350.8,5
2021-11-29T10:00:00+0000,350.4,350.4,350.2,350.2,2
2021-11-29T11:00:00+0000,349.8,349.8,349.8,349.8,4
2021-11-29T14:00:00+0000,348.4,348.4,348.4,348.4,1
2021-11-29T15:00:00+0000,347.7,347.7,345.4,345.4,25
2021-11-29T16:00:00+0000,345.7,345.8,345.5,345.7,47
2021-11-29T17:00:00+0000,346.1,346.3,345.2,345.2,21
2021-11-29T18:00:00+0000,345.2,345.2,345.1,345.1,5
2021-11-29T19:00:00+0000,345.4,345.4,344.7,344.7,2
2021-11-30T01:00:00+0000,345.6,345.6,345.6,345.6,15
2021-11-30T07:00:00+0000,344.9,344.9,344.9,344.9,1
2021-11-30T08:00:00+0000,344.0,344.0,343.9,344.0,6
2021-11-30T09:00:00+0000,344.0,344.0,344.0,344.0,1
2021-11-30T11:00:00+0000,343.3,343.3,343.3,343.3,1
2021-11-30T12:00:00+0000,342.9,343.1,342.9,343.1,6
2021-11-30T13:00:00+0000,342.9,342.9,342.7,342.7,2
2021-11-30T14:00:00+0000,343.3,343.9,342.9,342.9,10
2021-11-30T15:00:00+0000,343.8,345.2,343.8,344.4,22
2021-11-30T16:00:00+0000,345.0,345.0,343.2,344.5,6
2021-11-30T17:00:00+0000,344.1,344.1,343.0,343.0,2
2021-11-30T18:00:00+0000,342.1,343.5,342.1,343.1,58
2021-11-30T19:00:00+0000,342.6,344.0,342.6,343.3,48
2021-12-01T05:00:00+0000,344.1,344.1,344.1,344.1,1
2021-12-01T09:00:00+0000,343.3,343.3,341.7,341.7,18
2021-12-01T10:00:00+0000,341.6,341.6,340.5,340.5,38
2021-12-01T11:00:00+0000,341.3,341.4,341.3,341.4,2
2021-12-01T12:00:00+0000,342.2,342.2,342.2,342.2,3
2021-12-01T14:00:00+0000,341.6,341.7,341.4,341.4,7
2021-12-01T15:00:00+0000,340.6,341.2,340.6,341.2,114
2021-12-01T16:00:00+0000,341.3,348.9,341.3,348.6,130
2021-12-01T17:00:00+0000,348.8,349.4,345.4,345.4,35
2021-12-01T18:00:00+0000,346.0,346.5,346.0,346.2,14
2021-12-01T19:00:00+0000,346.0,347.4,345.9,347.4,68
2021-12-02T01:00:00+0000,347.1,347.1,345.7,345.7,10
2021-12-02T05:00:00+0000,345.8,345.8,345.7,345.7,5
2021-12-02T07:00:00+0000,346.7,346.7,346.7,346.7,2
2021-12-02T11:00:00+0000,347.3,347.3,347.3,347.3,1
2021-12-02T14:00:00+0000,347.2,348.4,347.2,348.4,11
2021-12-02T15:00:00+0000,348.3,348.6,348.3,348.6,2
2021-12-02T16:00:00+0000,347.7,348.2,347.6,348.2,7
2021-12-02T17:00:00+0000,348.1,348.1,348.1,348.1,1
2021-12-02T18:00:00+0000,348.3,348.3,347.4,347.7,6
2021-12-02T19:00:00+0000,347.3,347.3,345.7,345.7,10
2021-12-03T13:00:00+0000,348.3,348.3,348.3,348.3,1
2021-12-03T14:00:00+0000,350.8,352.3,350.8,352.3,15
2021-12-03T15:00:00+0000,352.1,352.1,351.8,351.8,18
2021-12-03T16:00:00+0000,352.8,352.8,352.8,352.8,1
2021-12-03T17:00:00+0000,350.9,350.9,350.7,350.7,6
2021-12-03T18:00:00+0000,350.2,350.2,350.2,350.2,9
2021-12-03T19:00:00+0000,350.5,352.3,349.9,352.3,58
2021-12-06T01:00:00+0000,349.9,349.9,349.2,349.2,4
2021-12-06T06:00:00+0000,349.5,349.5,349.5,349.5,1
2021-12-06T08:00:00+0000,349.2,349.3,349.2,349.3,3
2021-12-06T09:00:00+0000,350.0,350.9,350.0,350.8,13
2021-12-06T12:00:00+0000,350.3,350.3,350.3,350.3,1
2021-12-06T14:00:00+0000,348.9,348.9,348.1,348.8,11
2021-12-06T15:00:00+0000,348.5,349.1,348.1,348.3,39
2021-12-06T16:00:00+0000,348.6,348.6,347.7,347.7,3
2021-12-06T17:00:00+0000,347.8,347.8,347.2,347.2,13
2021-12-06T18:00:00+0000,348.3,348.3,347.6,347.6,4
2021-12-07T12:00:00+0000,347.6,347.6,347.6,347.6,3
2021-12-07T14:00:00+0000,346.2,346.2,345.8,346.0,4
2021-12-07T15:00:00+0000,346.4,346.5,346.4,346.5,12
2021-12-07T16:00:00+0000,346.8,346.8,346.7,346.7,2
2021-12-07T17:00:00+0000,346.5,346.5,346.3,346.3,11
2021-12-07T19:00:00+0000,347.0,347.3,347.0,347.2,9
2021-12-08T07:00:00+0000,347.2,347.3,347.2,347.3,2
2021-12-08T14:00:00+0000,348.9,348.9,348.9,348.9,1
2021-12-08T15:00:00+0000,349.5,350.9,349.4,350.5,19
2021-12-08T16:00:00+0000,352.1,352.1,351.2,351.5,13
2021-12-08T17:00:00+0000,351.4,352.3,351.4,352.3,3
2021-12-08T18:00:00+0000,352.0,352.0,351.8,351.8,7
2021-12-08T19:00:00+0000,352.9,353.7,352.9,353.7,5
2021-12-09T17:00:00+0000,354.4,356.2,354.4,356.1,43
2021-12-09T18:00:00+0000,355.9,355.9,355.9,355.9,1
2021-12-09T19:00:00+0000,357.3,357.3,357.3,357.3,1
2021-12-10T14:00:00+0000,362.0,362.1,362.0,362.1,7
2021-12-10T15:00:00+0000,363.2,363.8,362.1,362.1,116
2021-12-10T18:00:00+0000,363.7,363.7,363.7,363.7,1
2021-12-10T19:00:00+0000,363.8,364.4,363.8,364.4,4
2021-12-13T11:00:00+0000,360.9,361.1,360.9,361.1,7
2021-12-13T13:00:00+0000,361.0,361.8,360.7,361.8,17
2021-12-13T14:00:00+0000,361.3,361.3,359.8,359.8,9
2021-12-13T15:00:00+0000,359.2,359.2,357.9,358.9,5
2021-12-13T16:00:00+0000,359.8,359.9,359.8,359.9,8
2021-12-13T17:00:00+0000,358.6,358.6,358.2,358.5,3
2021-12-13T18:00:00+0000,358.2,358.3,358.2,358.3,3
2021-12-14T01:00:00+0000,358.2,358.2,358.2,358.2,2
2021-12-14T14:00:00+0000,363.9,364.1,363.6,363.6,112
2021-12-14T15:00:00+0000,366.0,369.0,365.4,367.7,26
2021-12-14T16:00:00+0000,367.5,368.9,366.9,368.9,69
2021-12-14T17:00:00+0000,370.4,370.4,368.2,368.2,3
2021-12-14T18:00:00+0000,367.8,368.9,367.2,367.2,4
2021-12-14T19:00:00+0000,367.7,368.8,367.2,368.8,8
2021-12-15T01:00:00+0000,368.3,368.3,367.8,367.8,2
2021-12-15T10:00:00+0000,369.3,369.3,369.3,369.3,3
2021-12-15T12:00:00+0000,370.1,370.2,370.1,370.2,2
2021-12-15T13:00:00+0000,370.9,370.9,370.9,370.9,1
2021-12-15T14:00:00+0000,370.7,372.4,370.7,372.0,41
2021-12-15T15:00:00+0000,371.5,371.7,368.5,369.4,14
2021-12-15T16:00:00+0000,369.6,369.6,368.0,368.1,12
2021-12-15T17:00:00+0000,368.0,368.4,367.0,367.8,37
2021-12-15T18:00:00+0000,367.1,367.1,365.5,365.5,15
2021-12-15T19:00:00+0000,365.0,365.3,364.8,365.3,9
2021-12-16T01:00:00+0000,365.5,365.5,364.0,364.0,3
2021-12-16T05:00:00+0000,366.3,366.3,366.3,366.3,1
2021-12-16T06:00:00+0000,366.3,366.6,366.3,366.4,5
2021-12-16T07:00:00+0000,365.4,365.4,365.4,365.4,1
2021-12-16T09:00:00+0000,366.2,366.2,366.2,366.2,1
2021-12-16T10:00:00+0000,365.6,366.2,365.6,366.0,14
2021-12-16T14:00:00+0000,364.7,364.7,364.7,364.7,1
2021-12-16T15:00:00+0000,363.3,363.9,361.8,361.8,22
2021-12-16T16:00:00+0000,362.8,362.8,362.5,362.5,12
2021-12-16T18:00:00+0000,362.2,362.2,362.2,362.2,5
2021-12-16T19:00:00+0000,361.9,362.6,361.9,362.6,2
2021-12-17T01:00:00+0000,362.1,362.1,362.1,362.1,1
2021-12-17T02:00:00+0000,362.2,362.2,361.7,361.7,23
2021-12-17T08:00:00+0000,363.4,363.4,363.4,363.4,1
2021-12-17T13:00:00+0000,364.2,364.2,364.0,364.0,2
2021-12-17T14:00:00+0000,364.0,366.5,364.0,366.5,56
2021-12-17T15:00:00+0000,367.5,369.0,366.6,366.6,14
2021-12-17T16:00:00+0000,367.0,367.4,367.0,367.4,3
2021-12-17T17:00:00+0000,367.1,367.2,366.4,367.0,24
2021-12-17T18:00:00+0000,367.1,368.3,367.1,368.3,32
2021-12-17T19:00:00+0000,368.9,369.0,368.3,368.3,18
2021-12-20T01:00:00+0000,369.6,369.9,369.6,369.9,7
2021-12-20T11:00:00+0000,369.2,370.1,369.2,370.1,34
2021-12-20T12:00:00+0000,369.1,369.4,369.1,369.1,3
2021-12-20T13:00:00+0000,371.5,371.5,370.7,370.7,12
2021-12-20T14:00:00+0000,372.1,374.1,372.1,373.3,23
2021-12-20T15:00:00+0000,373.5,373.5,373.5,373.5,2
2021-12-20T16:00:00+0000,374.8,374.9,374.5,374.5,7
2021-12-20T17:00:00+0000,373.8,375.3,373.6,375.2,26
2021-12-20T18:00:00+0000,375.0,375.0,373.6,373.6,25
2021-12-20T19:00:00+0000,373.6,374.3,373.4,373.4,71
2021-12-21T01:00:00+0000,374.0,374.1,373.8,373.8,5
2021-12-21T05:00:00+0000,373.3,373.3,373.3,373.3,1
2021-12-21T09:00:00+0000,372.5,372.5,372.5,372.5,1
2021-12-21T11:00:00+0000,372.2,373.0,372.2,373.0,2
2021-12-21T12:00:00+0000,372.3,372.3,372.3,372.3,1
2021-12-21T13:00:00+0000,372.4,372.4,372.4,372.4,1
2021-12-21T14:00:00+0000,372.6,375.0,372.6,375.0,26
2021-12-21T15:00:00+0000,375.9,380.1,375.9,379.8,72
2021-12-21T16:00:00+0000,380.3,380.3,378.5,379.1,17
2021-12-21T17:00:00+0000,377.8,378.0,377.8,378.0,3
2021-12-21T18:00:00+0000,378.6,379.1,378.3,378.4,38
2021-12-21T19:00:00+0000,378.3,378.8,377.5,377.5,14
2021-12-22T01:00:00+0000,376.9,376.9,376.9,376.9,1
2021-12-22T04:00:00+0000,376.9,376.9,376.9,376.9,11
2021-12-22T05:00:00+0000,377.1,377.2,377.1,377.2,5
2021-12-22T07:00:00+0000,377.4,377.4,377.4,377.4,1
2021-12-22T08:00:00+0000,378.5,378.5,378.5,378.5,1
2021-12-22T09:00:00+0000,378.4,378.4,378.4,378.4,1
2021-12-22T10:00:00+0000,377.5,377.5,377.5,377.5,1
2021-12-22T14:00:00+0000,380.9,381.0,380.4,380.4,102
2021-12-22T15:00:00+0000,380.7,382.0,380.5,380.7,10
2021-12-22T16:00:00+0000,381.2,381.2,380.0,380.0,45
2021-12-22T17:00:00+0000,380.8,381.0,380.0,380.5,16
2021-12-22T18:00:00+0000,381.0,381.0,380.0,380.5,28
2021-12-22T19:00:00+0000,380.3,381.7,380.2,381.3,42
2021-12-23T08:00:00+0000,382.1,382.3,381.7,382.3,4
2021-12-23T09:00:00+0000,383.2,383.2,383.2,383.2,1
2021-12-23T11:00:00+0000,382.2,382.2,380.8,380.8,3
2021-12-23T14:00:00+0000,381.2,381.6,381.2,381.5,8
2021-12-23T15:00:00+0000,381.3,382.2,381.3,381.6,10
2021-12-23T16:00:00+0000,381.6,382.6,381.6,382.1,4
2021-12-23T17:00:00+0000,382.6,382.8,381.3,381.3,25
2021-12-23T18:00:00+0000,381.4,382.1,381.4,382.1,6
2021-12-23T19:00:00+0000,382.1,382.1,381.2,381.6,6
2021-12-27T06:00:00+0000,380.1,380.1,379.8,379.8,2
2021-12-27T07:00:00+0000,380.0,380.0,380.0,380.0,1
2021-12-27T13:00:00+0000,381.8,382.3,381.8,382.3,4
2021-12-27T14:00:00+0000,381.9,383.6,381.6,383.4,12
2021-12-27T15:00:00+0000,379.4,379.4,378.5,378.6,13
2021-12-27T16:00:00+0000,378.6,378.8,377.9,378.1,33
2021-12-27T17:00:00+0000,378.6,379.2,378.2,379.2,70
2021-12-27T18:00:00+0000,379.4,380.0,379.0,380.0,76
2021-12-27T19:00:00+0000,379.9,380.9,379.9,380.0,35
2021-12-28T05:00:00+0000,380.5,380.5,380.5,380.5,1
2021-12-28T06:00:00+0000,381.0,381.1,381.0,381.1,2
2021-12-28T07:00:00+0000,381.0,381.0,381.0,381.0,1
2021-12-28T08:00:00+0000,380.6,380.6,380.6,380.6,2
2021-12-28T09:00:00+0000,381.1,381.1,381.1,381.1,1
2021-12-28T10:00:00+0000,380.4,380.4,380.4,380.4,1
2021-12-28T11:00:00+0000,380.9,380.9,380.9,380.9,1
2021-12-28T12:00:00+0000,379.8,379.8,379.8,379.8,1
2021-12-28T13:00:00+0000,377.6,377.6,377.6,377.6,1
2021-12-28T14:00:00+0000,379.6,380.2,379.5,380.1,4
2021-12-28T15:00:00+0000,380.0,380.7,380.0,380.5,3
2021-12-28T16:00:00+0000,380.8,383.1,380.8,382.9,44
2021-12-28T17:00:00+0000,382.8,383.8,382.3,382.4,123
2021-12-28T18:00:00+0000,382.3,382.4,380.4,381.6,22
2021-12-28T19:00:00+0000,381.6,381.6,380.0,380.6,36
2021-12-29T01:00:00+0000,379.7,379.7,379.7,379.7,1
2021-12-29T05:00:00+0000,379.1,379.5,379.1,379.5,6
2021-12-29T11:00:00+0000,380.7,380.7,380.7,380.7,1
2021-12-29T12:00:00+0000,379.0,379.2,378.9,379.2,3
2021-12-29T13:00:00+0000,379.4,379.4,378.3,378.3,4
2021-12-29T14:00:00+0000,379.1,379.1,378.0,378.0,17
2021-12-29T15:00:00+0000,377.7,381.0,377.7,381.0,12
2021-12-29T16:00:00+0000,380.0,381.6,379.9,381.6,6
2021-12-29T17:00:00+0000,380.5,380.5,380.5,380.5,2
2021-12-29T19:00:00+0000,382.0,383.1,382.0,382.7,11
2021-12-30T01:00:00+0000,382.7,382.7,382.1,382.1,6
2021-12-30T03:00:00+0000,382.3,382.3,382.3,382.3,1
2021-12-30T14:00:00+0000,383.2,383.2,382.0,382.0,3
2021-12-30T15:00:00+0000,383.4,384.8,383.4,384.4,9
2021-12-30T16:00:00+0000,383.8,384.0,381.7,381.9,18
2021-12-30T17:00:00+0000,381.9,382.0,381.7,381.7,17
2021-12-30T18:00:00+0000,381.5,382.4,381.4,382.2,8
2021-12-30T19:00:00+0000,382.1,382.2,380.7,380.9,20
2021-12-31T01:00:00+0000,381.1,381.1,381.0,381.1,3
2021-12-31T08:00:00+0000,381.0,381.0,380.4,380.4,3
2021-12-31T09:00:00+0000,380.6,380.6,380.6,380.6,1
2021-12-31T11:00:00+0000,382.1,382.2,381.4,381.8,7
2021-12-31T14:00:00+0000,381.8,382.4,381.8,382.4,2
2021-12-31T15:00:00+0000,384.1,384.1,382.5,382.6,6
2021-12-31T16:00:00+0000,382.5,382.5,382.5,382.5,1
2021-12-31T17:00:00+0000,382.4,382.4,380.7,380.7,8
2021-12-31T19:00:00+0000,380.8,380.8,380.1,380.4,9
2022-01-03T01:00:00+0000,383.0,383.0,383.0,383.0,1
2022-01-03T06:00:00+0000,383.0,383.0,383.0,383.0,11
2022-01-03T08:00:00+0000,383.5,383.5,383.4,383.4,2
2022-01-03T10:00:00+0000,382.9,382.9,382.9,382.9,1
2022-01-03T14:00:00+0000,383.6,389.3,383.6,388.4,73
2022-01-03T15:00:00+0000,388.7,388.7,383.6,383.8,40
2022-01-03T16:00:00+0000,383.9,384.8,383.0,383.9,51
2022-01-03T17:00:00+0000,384.3,387.2,384.0,387.2,14
2022-01-03T18:00:00+0000,387.1,388.1,387.1,387.3,46
2022-01-03T19:00:00+0000,387.4,389.3,387.4,389.3,20
2022-01-04T01:00:00+0000,388.7,389.6,388.7,389.6,8
2022-01-04T13:00:00+0000,386.1,386.1,386.1,386.1,2
2022-01-04T14:00:00+0000,386.3,386.8,386.3,386.4,7
2022-01-04T15:00:00+0000,386.5,389.0,386.3,388.2,182
2022-01-04T16:00:00+0000,388.1,389.0,387.1,388.4,208
2022-01-04T17:00:00+0000,388.4,388.4,386.5,386.5,47
2022-01-04T18:00:00+0000,386.7,388.2,386.7,386.9,81
2022-01-04T19:00:00+0000,387.0,388.4,386.7,388.0,217
2022-01-05T01:00:00+0000,387.5,387.5,386.9,386.9,16
2022-01-05T03:00:00+0000,387.2,387.2,387.2,387.2,3
2022-01-05T11:00:00+0000,385.6,385.6,385.4,385.4,6
2022-01-05T12:00:00+0000,383.5,383.5,383.5,383.5,3
2022-01-05T14:00:00+0000,383.3,384.3,383.2,384.0,45
2022-01-05T15:00:00+0000,383.5,384.8,382.6,384.8,31
2022-01-05T16:00:00+0000,384.1,384.4,382.4,382.5,27
2022-01-05T17:00:00+0000,381.9,383.4,381.9,383.0,41
2022-01-05T18:00:00+0000,382.9,384.3,382.6,384.3,13
2022-01-05T19:00:00+0000,384.4,385.2,384.1,385.0,12
2022-01-06T01:00:00+0000,384.8,384.9,384.5,384.9,5
2022-01-06T02:00:00+0000,382.3,382.3,382.3,382.3,1
2022-01-06T03:00:00+0000,382.9,382.9,382.0,382.0,2
2022-01-06T04:00:00+0000,381.9,381.9,381.9,381.9,1
2022-01-06T09:00:00+0000,380.5,380.5,380.5,380.5,1
2022-01-06T10:00:00+0000,381.0,381.0,381.0,381.0,1
2022-01-06T11:00:00+0000,381.5,381.5,381.5,381.5,1
2022-01-06T13:00:00+0000,380.9,381.0,380.8,380.8,6
2022-01-06T14:00:00+0000,384.6,384.6,384.0,384.1,8
2022-01-06T15:00:00+0000,382.8,383.5,379.4,379.4,24
2022-01-06T16:00:00+0000,380.5,384.1,380.5,383.9,18
2022-01-06T17:00:00+0000,384.3,384.4,383.8,384.4,4
2022-01-06T18:00:00+0000,383.7,383.8,383.7,383.8,14
2022-01-06T19:00:00+0000,383.5,385.6,383.5,385.6,98
2022-01-07T01:00:00+0000,384.5,384.5,384.5,384.5,1
2022-01-07T10:00:00+0000,383.9,383.9,383.9,383.9,3
2022-01-07T14:00:00+0000,382.8,384.6,382.8,384.5,46
2022-01-07T15:00:00+0000,385.6,387.8,385.6,387.6,19
2022-01-07T16:00:00+0000,390.2,391.6,388.2,388.7,73
2022-01-07T17:00:00+0000,388.6,392.1,388.5,392.1,36
2022-01-07T18:00:00+0000,391.0,394.2,391.0,394.2,12
2022-01-07T19:00:00+0000,393.9,394.1,391.1,391.1,26
2022-01-10T01:00:00+0000,389.4,389.4,389.4,389.4,2
2022-01-10T05:00:00+0000,386.6,387.3,386.6,387.3,3
2022-01-10T06:00:00+0000,386.3,386.3,386.3,386.3,1
2022-01-10T08:00:00+0000,386.7,386.7,386.7,386.7,3
2022-01-10T13:00:00+0000,388.6,388.6,388.3,388.3,2
2022-01-10T14:00:00+0000,387.4,387.6,385.2,385.2,7
2022-01-10T15:00:00+0000,384.4,385.8,381.9,381.9,62
2022-01-10T16:00:00+0000,384.1,384.4,382.0,382.1,12
2022-01-10T17:00:00+0000,382.8,382.9,382.0,382.4,33
2022-01-10T18:00:00+0000,384.1,384.1,383.5,383.6,11
2022-01-10T19:00:00+0000,384.0,386.1,383.2,383.4,85
2022-01-11T01:00:00+0000,385.4,385.6,383.0,383.0,68
2022-01-11T02:00:00+0000,382.2,382.2,382.2,382.2,1
2022-01-11T03:00:00+0000,381.2,381.2,381.2,381.2,2
2022-01-11T06:00:00+0000,382.2,382.2,382.2,382.2,1
2022-01-11T07:00:00+0000,381.9,381.9,381.9,381.9,1
2022-01-11T09:00:00+0000,381.1,381.9,381.1,381.9,40
2022-01-11T10:00:00+0000,382.1,382.1,382.0,382.1,27
2022-01-11T12:00:00+0000,380.8,381.1,380.8,381.1,3
2022-01-11T13:00:00+0000,380.1,380.1,379.7,379.7,3
2022-01-11T14:00:00+0000,379.9,380.0,378.4,379.4,129
2022-01-11T15:00:00+0000,379.5,385.6,379.4,384.8,357
2022-01-11T16:00:00+0000,384.8,385.3,382.4,382.5,48
2022-01-11T17:00:00+0000,382.3,383.0,380.1,380.1,39
2022-01-11T18:00:00+0000,380.0,381.0,380.0,380.3,45
2022-01-11T19:00:00+0000,380.7,380.9,380.4,380.5,47
2022-01-12T01:00:00+0000,379.8,379.8,379.0,379.0,7
2022-01-12T06:00:00+0000,380.5,380.5,380.5,380.5,1
2022-01-12T07:00:00+0000,379.9,379.9,379.9,379.9,1
2022-01-12T09:00:00+0000,379.1,379.1,377.9,377.9,28
2022-01-12T11:00:00+0000,378.5,378.5,378.5,378.5,5
2022-01-12T12:00:00+0000,378.4,378.4,377.8,377.8,2
2022-01-12T13:00:00+0000,378.2,378.5,378.2,378.5,2
2022-01-12T14:00:00+0000,379.3,379.3,378.6,378.7,29
2022-01-12T15:00:00+0000,379.1,381.2,378.8,381.0,20
2022-01-12T16:00:00+0000,381.5,382.1,380.6,382.1,61
2022-01-12T17:00:00+0000,380.6,384.4,378.1,383.1,66
2022-01-12T18:00:00+0000,382.7,383.7,382.7,383.6,23
2022-01-12T19:00:00+0000,384.1,385.2,383.6,385.2,46
2022-01-13T02:00:00+0000,381.2,381.2,379.7,379.7,9
2022-01-13T05:00:00+0000,381.4,381.4,381.4,381.4,1
2022-01-13T12:00:00+0000,379.1,379.1,379.1,379.1,1
2022-01-13T14:00:00+0000,377.5,378.9,377.0,378.5,54
2022-01-13T15:00:00+0000,379.2,379.6,377.2,379.6,50
2022-01-13T16:00:00+0000,380.0,380.0,378.9,379.0,20
2022-01-13T17:00:00+0000,379.1,381.0,379.1,381.0,79
2022-01-13T18:00:00+0000,381.0,382.5,380.9,382.5,127
2022-01-13T19:00:00+0000,382.6,383.5,382.6,383.5,147
2022-01-14T01:00:00+0000,382.3,382.3,381.2,381.5,5
2022-01-14T03:00:00+0000,380.6,381.1,380.5,380.9,24
2022-01-14T08:00:00+0000,381.8,381.8,381.5,381.5,4
2022-01-14T09:00:00+0000,382.2,383.0,382.1,383.0,5
2022-01-14T12:00:00+0000,382.3,383.1,382.3,383.1,4
2022-01-14T13:00:00+0000,382.7,382.7,382.0,382.0,3
2022-01-14T14:00:00+0000,381.5,381.6,379.8,380.6,10
2022-01-14T15:00:00+0000,380.4,381.1,380.2,380.7,24
2022-01-14T16:00:00+0000,381.2,381.5,379.4,379.9,45
2022-01-14T17:00:00+0000,379.6,379.7,378.6,379.6,44
2022-01-14T18:00:00+0000,378.9,379.0,378.8,378.8,4
2022-01-14T19:00:00+0000,379.2,379.5,379.0,379.2,38
2022-01-18T01:00:00+0000,376.1,376.2,375.9,375.9,9
2022-01-18T02:00:00+0000,375.6,375.6,375.5,375.5,2
2022-01-18T03:00:00+0000,375.4,375.6,375.4,375.6,2
2022-01-18T07:00:00+0000,374.4,374.4,374.4,374.4,1
2022-01-18T08:00:00+0000,373.2,373.2,372.0,372.0,5
2022-01-18T09:00:00+0000,372.3,372.3,371.3,371.9,3
2022-01-18T10:00:00+0000,372.6,373.4,372.4,373.3,40
2022-01-18T13:00:00+0000,371.3,371.5,370.6,370.6,9
2022-01-18T15:00:00+0000,367.1,370.9,367.1,370.7,134
2022-01-18T16:00:00+0000,369.9,369.9,368.3,369.4,18
2022-01-18T17:00:00+0000,369.6,370.1,369.5,369.7,21
2022-01-18T18:00:00+0000,369.3,369.8,369.1,369.4,7
2022-01-18T19:00:00+0000,370.0,370.0,369.3,369.3,6
2022-01-19T02:00:00+0000,372.0,372.0,371.9,372.0,3
2022-01-19T03:00:00+0000,371.8,371.8,371.8,371.8,3
2022-01-19T06:00:00+0000,371.0,371.0,371.0,371.0,3
2022-01-19T09:00:00+0000,371.5,371.5,371.4,371.4,3
2022-01-19T11:00:00+0000,371.6,371.6,371.6,371.6,1
2022-01-19T12:00:00+0000,371.1,371.1,371.1,371.1,1
2022-01-19T13:00:00+0000,371.5,372.5,371.5,372.5,57
2022-01-19T14:00:00+0000,372.7,372.7,371.4,372.0,29
2022-01-19T15:00:00+0000,371.9,373.4,371.7,371.8,86
2022-01-19T16:00:00+0000,371.3,372.9,371.3,372.5,6
2022-01-19T17:00:00+0000,372.6,373.6,372.6,373.6,10
2022-01-19T18:00:00+0000,374.0,374.0,373.2,373.7,15
2022-01-19T19:00:00+0000,374.1,375.1,373.9,374.5,24
2022-01-20T01:00:00+0000,375.2,375.2,375.2,375.2,1
2022-01-20T13:00:00+0000,374.0,374.0,374.0,374.0,3
2022-01-20T14:00:00+0000,374.0,374.0,371.8,372.3,18
2022-01-20T15:00:00+0000,371.8,377.2,371.5,377.2,165
2022-01-20T16:00:00+0000,376.6,377.8,375.1,376.6,57
2022-01-20T17:00:00+0000,376.8,376.9,374.4,374.4,26
2022-01-20T18:00:00+0000,374.2,374.3,373.3,373.7,49
2022-01-20T19:00:00+0000,373.6,373.8,372.6,373.7,37
2022-01-21T01:00:00+0000,373.0,373.0,371.0,371.0,7
2022-01-21T02:00:00+0000,371.2,371.2,371.2,371.2,1
2022-01-21T05:00:00+0000,371.3,371.3,371.3,371.3,1
2022-01-21T06:00:00+0000,372.0,372.0,372.0,372.0,4
2022-01-21T10:00:00+0000,371.5,371.5,371.5,371.5,1
2022-01-21T12:00:00+0000,370.1,370.1,370.1,370.1,1
2022-01-21T13:00:00+0000,370.9,371.2,370.9,371.2,3
2022-01-21T14:00:00+0000,370.5,370.7,370.4,370.4,6
2022-01-21T15:00:00+0000,370.1,370.1,368.3,369.3,85
2022-01-21T16:00:00+0000,369.1,369.7,368.0,368.7,66
2022-01-21T17:00:00+0000,369.4,371.2,369.4,370.9,60
2022-01-21T18:00:00+0000,370.7,371.0,369.4,370.9,118
2022-01-21T19:00:00+0000,371.3,371.4,370.0,371.4,12
2022-01-24T05:00:00+0000,371.7,371.7,371.7,371.7,1
2022-01-24T12:00:00+0000,370.4,370.8,370.4,370.8,2
2022-01-24T14:00:00+0000,370.5,370.5,367.6,368.2,15
2022-01-24T15:00:00+0000,368.7,369.4,368.1,369.4,6
2022-01-24T16:00:00+0000,369.0,369.0,366.4,366.8,39
2022-01-24T17:00:00+0000,366.8,369.8,366.8,369.6,132
2022-01-24T18:00:00+0000,369.9,370.4,369.6,370.0,18
2022-01-24T19:00:00+0000,370.8,370.8,369.9,370.5,69
2022-01-25T01:00:00+0000,368.6,368.6,368.6,368.6,3
2022-01-25T04:00:00+0000,368.4,368.4,368.4,368.4,1
2022-01-25T05:00:00+0000,368.6,369.1,368.6,369.1,2
2022-01-25T06:00:00+0000,368.9,368.9,368.3,368.3,3
2022-01-25T08:00:00+0000,368.2,368.2,368.2,368.2,1
2022-01-25T10:00:00+0000,368.8,368.9,368.8,368.9,8
2022-01-25T12:00:00+0000,368.0,368.3,367.2,367.3,17
2022-01-25T14:00:00+0000,366.9,369.8,366.8,368.8,73
2022-01-25T15:00:00+0000,369.0,371.5,368.8,370.7,74
2022-01-25T16:00:00+0000,370.5,373.1,370.5,372.8,64
2022-01-25T17:00:00+0000,372.4,372.6,371.7,371.7,9
2022-01-25T18:00:00+0000,371.5,371.8,371.1,371.3,27
2022-01-25T19:00:00+0000,372.0,372.2,371.4,372.1,31
2022-01-26T01:00:00+0000,369.9,369.9,369.9,369.9,3
2022-01-26T05:00:00+0000,369.9,369.9,369.9,369.9,1
2022-01-26T09:00:00+0000,371.9,372.1,371.4,371.4,10
2022-01-26T10:00:00+0000,370.6,370.6,370.6,370.6,1
2022-01-26T14:00:00+0000,371.4,375.0,371.4,373.1,23
2022-01-26T15:00:00+0000,373.5,373.5,372.3,372.5,14
2022-01-26T16:00:00+0000,372.5,376.7,372.5,375.9,78
2022-01-26T17:00:00+0000,375.4,376.6,374.6,374.6,46
2022-01-26T18:00:00+0000,374.4,375.4,374.4,374.8,64
2022-01-26T19:00:00+0000,375.7,376.1,375.4,375.6,51
2022-01-27T01:00:00+0000,374.6,375.4,374.6,375.4,4
2022-01-27T03:00:00+0000,375.0,375.0,375.0,375.0,1
2022-01-27T05:00:00+0000,374.8,374.8,374.8,374.8,1
2022-01-27T09:00:00+0000,376.0,376.0,375.8,375.8,2
2022-01-27T10:00:00+0000,376.7,376.7,376.7,376.7,1
2022-01-27T11:00:00+0000,378.0,378.0,377.3,377.3,10
2022-01-27T12:00:00+0000,376.9,377.0,376.3,376.9,5
2022-01-27T14:00:00+0000,376.2,376.3,375.0,375.6,16
2022-01-27T15:00:00+0000,375.7,376.1,374.3,375.4,44
2022-01-27T16:00:00+0000,375.3,381.1,375.0,378.3,212
2022-01-27T17:00:00+0000,378.4,378.4,377.2,377.4,28
2022-01-27T18:00:00+0000,377.6,377.6,376.5,376.5,65
2022-01-27T19:00:00+0000,377.1,377.5,376.6,377.5,47
2022-01-28T07:00:00+0000,377.5,377.6,377.5,377.6,3
2022-01-28T08:00:00+0000,377.7,377.7,377.7,377.7,1
2022-01-28T10:00:00+0000,378.9,379.2,378.6,378.6,5
2022-01-28T12:00:00+0000,379.1,379.1,379.1,379.1,2
2022-01-28T13:00:00+0000,378.6,379.3,378.6,379.3,4
2022-01-28T14:00:00+0000,381.8,382.5,379.2,379.8,105
2022-01-28T15:00:00+0000,380.2,380.8,378.8,380.2,101
2022-01-28T16:00:00+0000,380.4,380.6,377.2,377.7,63
2022-01-28T17:00:00+0000,377.7,378.9,377.7,378.9,50
2022-01-28T18:00:00+0000,379.4,381.5,379.1,381.4,43
2022-01-28T19:00:00+0000,381.9,382.5,379.5,379.5,40
2022-01-31T01:00:00+0000,380.2,381.1,380.1,380.5,31
2022-01-31T02:00:00+0000,381.7,382.6,381.5,382.3,19
2022-01-31T03:00:00+0000,382.5,382.9,382.4,382.9,6
2022-01-31T04:00:00+0000,382.9,382.9,382.6,382.6,10
2022-01-31T05:00:00+0000,382.8,382.8,382.8,382.8,1
2022-01-31T06:00:00+0000,382.5,382.5,382.4,382.4,2
2022-01-31T07:00:00+0000,382.2,382.8,381.4,382.8,8
2022-01-31T10:00:00+0000,382.5,382.7,382.2,382.2,4
2022-01-31T11:00:00+0000,382.3,382.6,382.3,382.4,5
2022-01-31T14:00:00+0000,382.8,382.9,382.5,382.8,81
2022-01-31T15:00:00+0000,382.3,382.6,382.3,382.3,10
2022-01-31T16:00:00+0000,384.0,385.3,383.7,385.3,31
2022-01-31T17:00:00+0000,385.1,385.5,384.5,384.7,11
2022-01-31T18:00:00+0000,385.6,386.0,385.1,385.4,22
2022-01-31T19:00:00+0000,385.4,386.6,385.3,386.4,65
2022-02-01T02:00:00+0000,385.1,385.1,385.1,385.1,1
2022-02-01T03:00:00+0000,385.3,385.4,385.2,385.2,3
2022-02-01T07:00:00+0000,385.9,385.9,385.9,385.9,1
2022-02-01T08:00:00+0000,385.4,386.0,385.2,386.0,11
2022-02-01T09:00:00+0000,385.9,386.5,385.9,386.5,5
2022-02-01T11:00:00+0000,387.1,387.2,387.1,387.2,3
2022-02-01T12:00:00+0000,387.6,387.6,386.5,387.0,10
2022-02-01T13:00:00+0000,387.5,389.7,387.5,389.6,20
2022-02-01T14:00:00+0000,390.6,394.3,390.0,392.3,409
2022-02-01T15:00:00+0000,392.2,394.0,390.4,394.0,316
2022-02-01T16:00:00+0000,394.0,394.0,392.2,392.6,245
2022-02-01T17:00:00+0000,392.9,393.5,390.4,390.5,266
2022-02-01T18:00:00+0000,390.5,391.4,389.7,391.1,244
2022-02-01T19:00:00+0000,390.9,391.6,390.0,390.5,191
2022-02-02T01:00:00+0000,390.8,390.8,388.9,390.0,14
2022-02-02T02:00:00+0000,389.5,389.5,389.5,389.5,2
2022-02-02T03:00:00+0000,389.1,389.4,389.1,389.4,3
2022-02-02T06:00:00+0000,389.3,389.4,389.3,389.4,4
2022-02-02T07:00:00+0000,389.1,389.1,389.1,389.1,1
2022-02-02T08:00:00+0000,387.9,388.0,387.9,388.0,2
2022-02-02T09:00:00+0000,388.6,388.6,388.6,388.6,1
2022-02-02T10:00:00+0000,389.3,389.3,389.3,389.3,4
2022-02-02T11:00:00+0000,391.5,395.1,391.5,394.0,12
2022-02-02T12:00:00+0000,393.8,394.3,393.4,394.3,5
2022-02-02T13:00:00+0000,395.5,395.7,393.8,394.3,18
2022-02-02T14:00:00+0000,395.5,395.5,391.3,393.9,64
2022-02-02T15:00:00+0000,394.1,394.6,393.0,394.3,51
2022-02-02T16:00:00+0000,394.5,395.3,390.6,390.9,89
2022-02-02T17:00:00+0000,390.5,394.3,390.5,393.8,160
2022-02-02T18:00:00+0000,392.1,393.0,391.9,392.4,175
2022-02-02T19:00:00+0000,392.4,392.4,390.5,391.4,178
2022-02-03T01:00:00+0000,391.5,392.2,391.5,392.2,4
2022-02-03T03:00:00+0000,390.3,390.3,390.2,390.2,2
2022-02-03T04:00:00+0000,390.1,390.1,390.1,390.1,1
2022-02-03T05:00:00+0000,389.9,389.9,389.5,389.5,11
2022-02-03T06:00:00+0000,389.9,389.9,389.9,389.9,1
2022-02-03T08:00:00+0000,390.4,390.4,389.7,389.7,4
2022-02-03T11:00:00+0000,389.3,389.3,389.3,389.3,2
2022-02-03T12:00:00+0000,390.4,390.4,390.2,390.2,3
2022-02-03T14:00:00+0000,389.9,391.8,389.9,390.4,61
2022-02-03T15:00:00+0000,391.0,396.0,390.7,394.6,277
2022-02-03T16:00:00+0000,395.1,395.9,391.0,391.7,135
2022-02-03T17:00:00+0000,391.9,394.0,391.5,393.7,48
2022-02-03T18:00:00+0000,393.8,394.2,392.9,392.9,32
2022-02-03T19:00:00+0000,393.3,394.3,393.3,394.3,11
2022-02-04T01:00:00+0000,393.7,393.7,393.5,393.5,7
2022-02-04T04:00:00+0000,395.3,395.3,395.3,395.3,1
2022-02-04T05:00:00+0000,395.5,395.5,395.5,395.5,3
2022-02-04T06:00:00+0000,395.1,395.1,395.1,395.1,1
2022-02-04T11:00:00+0000,394.7,395.1,394.7,395.1,2
2022-02-04T13:00:00+0000,393.4,393.4,393.2,393.4,3
2022-02-04T14:00:00+0000,394.1,394.9,393.8,394.0,213
2022-02-04T15:00:00+0000,394.0,396.5,394.0,395.9,15
2022-02-04T16:00:00+0000,395.4,398.1,395.2,398.1,114
2022-02-04T17:00:00+0000,398.0,399.2,398.0,398.7,15
2022-02-04T18:00:00+0000,397.8,397.8,397.3,397.8,16
2022-02-04T19:00:00+0000,398.4,398.5,398.3,398.5,8
2022-02-07T01:00:00+0000,398.5,398.5,397.7,397.7,3
2022-02-07T02:00:00+0000,398.4,398.7,398.4,398.6,6
2022-02-07T03:00:00+0000,399.0,399.0,399.0,399.0,2
2022-02-07T04:00:00+0000,399.1,399.1,399.1,399.1,1
2022-02-07T05:00:00+0000,399.1,400.0,399.1,400.0,3
2022-02-07T06:00:00+0000,400.3,400.3,400.3,400.3,1
2022-02-07T07:00:00+0000,401.6,402.2,401.5,402.1,10
2022-02-07T08:00:00+0000,401.1,401.1,401.1,401.1,1
2022-02-07T09:00:00+0000,402.1,402.1,401.6,401.8,15
2022-02-07T11:00:00+0000,403.8,404.2,403.7,404.2,4
2022-02-07T12:00:00+0000,404.2,406.2,404.2,406.2,46
2022-02-07T13:00:00+0000,404.1,404.1,403.5,403.5,5
2022-02-07T14:00:00+0000,404.9,407.2,403.6,405.2,88
2022-02-07T15:00:00+0000,404.7,406.0,402.8,403.2,141
2022-02-07T16:00:00+0000,404.1,406.1,403.8,405.8,30
2022-02-07T17:00:00+0000,405.3,405.3,403.9,404.5,142
2022-02-07T18:00:00+0000,404.2,405.2,404.2,405.0,8
2022-02-07T19:00:00+0000,405.3,405.3,403.9,404.5,31
2022-02-08T03:00:00+0000,404.4,404.4,404.4,404.4,2
2022-02-08T05:00:00+0000,404.8,404.8,404.8,404.8,1
2022-02-08T07:00:00+0000,405.8,405.8,405.6,405.6,6
2022-02-08T08:00:00+0000,406.1,406.1,406.1,406.1,1
2022-02-08T09:00:00+0000,406.9,407.1,406.3,406.5,47
2022-02-08T10:00:00+0000,406.5,407.1,406.5,407.1,9
2022-02-08T11:00:00+0000,407.1,407.1,406.1,406.1,25
2022-02-08T12:00:00+0000,407.2,407.4,407.2,407.4,2
2022-02-08T13:00:00+0000,405.9,406.4,405.9,406.4,4
2022-02-08T14:00:00+0000,406.4,409.9,406.3,409.3,13
2022-02-08T15:00:00+0000,409.2,409.2,405.5,405.5,56
2022-02-08T16:00:00+0000,405.5,407.2,405.4,407.2,34
2022-02-08T17:00:00+0000,406.9,407.5,405.4,407.5,42
2022-02-08T18:00:00+0000,407.8,407.8,407.5,407.5,20
2022-02-08T19:00:00+0000,408.9,409.4,408.4,409.2,70
2022-02-09T01:00:00+0000,409.3,409.3,409.0,409.0,3
2022-02-09T03:00:00+0000,409.7,409.7,409.7,409.7,1
2022-02-09T10:00:00+0000,410.8,410.8,410.8,410.8,1
2022-02-09T12:00:00+0000,410.7,410.7,410.6,410.6,2
2022-02-09T14:00:00+0000,411.3,414.0,411.3,413.9,54
2022-02-09T15:00:00+0000,413.3,414.5,412.6,414.0,156
2022-02-09T16:00:00+0000,414.2,415.6,412.5,415.5,33
2022-02-09T17:00:00+0000,414.4,416.3,412.4,415.5,41
2022-02-09T18:00:00+0000,415.1,418.7,415.0,418.0,175
2022-02-09T19:00:00+0000,418.1,418.5,417.0,418.4,104
2022-02-10T01:00:00+0000,418.1,418.1,418.1,418.1,4
2022-02-10T03:00:00+0000,422.0,422.0,421.9,421.9,26
2022-02-10T04:00:00+0000,422.0,422.0,422.0,422.0,9
2022-02-10T05:00:00+0000,420.8,420.8,420.8,420.8,2
2022-02-10T08:00:00+0000,420.9,420.9,420.9,420.9,1
2022-02-10T10:00:00+0000,420.1,420.4,420.1,420.4,2
2022-02-10T11:00:00+0000,422.0,422.0,422.0,422.0,8
2022-02-10T12:00:00+0000,422.0,429.8,422.0,429.8,54
2022-02-10T13:00:00+0000,430.0,430.4,426.4,427.2,70
2022-02-10T14:00:00+0000,430.0,431.5,427.9,431.0,308
2022-02-10T15:00:00+0000,431.5,432.4,429.2,429.3,333
2022-02-10T16:00:00+0000,429.0,429.0,422.8,422.8,66
2022-02-10T17:00:00+0000,422.5,422.9,418.0,422.3,378
2022-02-10T18:00:00+0000,422.4,422.7,415.6,417.5,75
2022-02-10T19:00:00+0000,417.0,417.5,415.7,415.8,18
2022-02-11T02:00:00+0000,417.4,417.4,417.4,417.4,1
2022-02-11T09:00:00+0000,418.7,418.7,418.7,418.7,1
2022-02-11T10:00:00+0000,418.9,418.9,418.9,418.9,2
2022-02-11T12:00:00+0000,419.5,419.5,419.5,419.5,1
2022-02-11T13:00:00+0000,420.5,420.5,420.5,420.5,1
2022-02-11T14:00:00+0000,422.2,422.5,420.3,420.4,23
2022-02-11T15:00:00+0000,420.6,424.5,420.6,423.1,15
2022-02-11T16:00:00+0000,419.9,419.9,415.5,418.4,26
2022-02-11T17:00:00+0000,417.3,420.4,417.3,419.6,15
2022-02-11T18:00:00+0000,419.9,419.9,418.1,418.2,12
2022-02-11T19:00:00+0000,417.6,417.6,416.4,417.5,51
2022-02-14T06:00:00+0000,418.0,418.0,418.0,418.0,1
2022-02-14T11:00:00+0000,414.2,414.2,414.2,414.2,3
2022-02-14T12:00:00+0000,412.9,412.9,411.5,412.9,9
2022-02-14T13:00:00+0000,414.7,414.7,414.1,414.1,2
2022-02-14T14:00:00+0000,414.5,414.5,413.9,413.9,3
2022-02-14T15:00:00+0000,414.7,414.7,413.8,413.8,13
2022-02-14T16:00:00+0000,413.1,413.1,413.1,413.1,1
2022-02-14T17:00:00+0000,413.7,413.8,413.5,413.5,6
2022-02-14T18:00:00+0000,413.1,413.8,411.9,413.8,73
2022-02-14T19:00:00+0000,414.8,415.5,414.1,415.1,24
2022-02-15T06:00:00+0000,414.4,414.4,414.4,414.4,1
2022-02-15T07:00:00+0000,413.6,413.6,413.6,413.6,1
2022-02-15T10:00:00+0000,412.5,412.5,412.4,412.4,3
2022-02-15T11:00:00+0000,412.3,412.3,412.3,412.3,1
2022-02-15T12:00:00+0000,411.5,411.5,411.5,411.5,1
2022-02-15T13:00:00+0000,411.5,412.3,411.3,411.8,28
2022-02-15T14:00:00+0000,412.2,415.1,411.3,411.6,65
2022-02-15T15:00:00+0000,411.9,413.7,411.5,412.1,26
2022-02-15T16:00:00+0000,412.1,414.9,412.1,413.5,31
2022-02-15T17:00:00+0000,413.1,413.1,410.5,410.5,11
2022-02-15T18:00:00+0000,410.5,411.5,410.0,411.4,17
2022-02-15T19:00:00+0000,411.2,411.3,410.2,411.2,66
2022-02-16T01:00:00+0000,411.2,411.2,411.2,411.2,2
2022-02-16T03:00:00+0000,412.5,412.5,412.5,412.5,2
2022-02-16T05:00:00+0000,412.5,412.5,412.2,412.2,2
2022-02-16T06:00:00+0000,412.3,412.3,412.2,412.2,4
2022-02-16T07:00:00+0000,412.5,413.1,412.5,413.0,7
2022-02-16T09:00:00+0000,413.6,414.3,413.6,414.3,6
2022-02-16T11:00:00+0000,414.7,415.2,414.4,414.5,13
2022-02-16T12:00:00+0000,414.3,414.4,413.6,413.6,4
2022-02-16T13:00:00+0000,412.6,412.6,412.6,412.6,1
2022-02-16T14:00:00+0000,412.9,414.7,411.7,414.7,23
2022-02-16T15:00:00+0000,413.3,417.7,413.2,416.5,21
2022-02-16T16:00:00+0000,416.7,419.1,416.0,417.3,29
2022-02-16T17:00:00+0000,416.2,417.3,416.2,417.2,51
2022-02-16T18:00:00+0000,417.4,418.2,417.4,418.1,40
2022-02-16T19:00:00+0000,418.7,418.9,417.8,418.7,45
2022-02-17T06:00:00+0000,419.3,419.3,419.2,419.2,2
2022-02-17T10:00:00+0000,420.9,420.9,420.9,420.9,1
2022-02-17T11:00:00+0000,421.7,421.7,421.7,421.7,9
2022-02-17T12:00:00+0000,421.8,421.8,421.8,421.8,2
2022-02-17T14:00:00+0000,421.0,421.0,419.2,420.3,61
2022-02-17T15:00:00+0000,419.7,420.1,418.3,418.5,82
2022-02-17T16:00:00+0000,417.4,418.0,417.4,417.8,19
2022-02-17T17:00:00+0000,418.8,418.8,418.8,418.8,1
2022-02-17T19:00:00+0000,419.8,419.8,419.8,419.8,1
2022-02-18T03:00:00+0000,419.9,419.9,419.8,419.8,2
2022-02-18T06:00:00+0000,420.4,420.4,420.4,420.4,1
2022-02-18T12:00:00+0000,422.7,422.8,422.7,422.8,2
2022-02-18T13:00:00+0000,420.7,420.7,420.7,420.7,1
2022-02-18T14:00:00+0000,421.0,421.0,420.5,420.5,12
2022-02-18T15:00:00+0000,422.0,423.4,421.3,421.5,90
2022-02-18T16:00:00+0000,421.7,421.7,418.2,419.0,23
2022-02-18T17:00:00+0000,419.9,420.3,418.9,419.1,23
2022-02-18T18:00:00+0000,418.7,419.6,418.4,418.5,47
2022-02-18T19:00:00+0000,418.6,419.3,418.0,418.0,17
2022-02-22T01:00:00+0000,419.6,420.9,419.6,419.8,39
2022-02-22T02:00:00+0000,420.6,420.7,420.6,420.7,4
2022-02-22T03:00:00+0000,419.9,419.9,419.9,419.9,1
2022-02-22T05:00:00+0000,418.9,418.9,417.4,417.4,11
2022-02-22T06:00:00+0000,419.3,419.6,419.3,419.6,3
2022-02-22T08:00:00+0000,418.7,418.7,418.7,418.7,1
2022-02-22T09:00:00+0000,418.5,418.5,418.5,418.5,1
2022-02-22T13:00:00+0000,415.1,415.1,415.0,415.0,5
2022-02-22T14:00:00+0000,416.2,420.8,415.9,420.8,122
2022-02-22T15:00:00+0000,420.3,420.8,418.7,418.7,23
2022-02-22T16:00:00+0000,418.0,418.4,416.7,416.7,18
2022-02-22T17:00:00+0000,416.9,417.4,416.0,416.5,39
2022-02-22T18:00:00+0000,416.7,417.1,416.5,416.6,34
2022-02-22T19:00:00+0000,416.7,418.4,416.3,418.2,57
2022-02-23T01:00:00+0000,417.4,418.3,417.1,417.5,10
2022-02-23T02:00:00+0000,418.0,419.3,417.9,419.3,19
2022-02-23T03:00:00+0000,420.3,420.3,419.9,419.9,4
2022-02-23T05:00:00+0000,419.6,420.1,419.6,420.1,10
2022-02-23T06:00:00+0000,419.5,419.8,419.5,419.8,2
2022-02-23T07:00:00+0000,419.3,419.3,419.0,419.0,2
2022-02-23T08:00:00+0000,419.6,419.6,418.3,418.3,22
2022-02-23T09:00:00+0000,418.5,419.0,418.5,419.0,19
2022-02-23T10:00:00+0000,418.0,418.0,418.0,418.0,1
2022-02-23T11:00:00+0000,418.9,419.6,418.9,419.4,10
2022-02-23T12:00:00+0000,419.3,419.5,418.6,419.3,24
2022-02-23T13:00:00+0000,419.2,419.4,418.1,418.2,58
2022-02-23T14:00:00+0000,418.3,420.1,418.0,420.1,253
2022-02-23T15:00:00+0000,420.3,421.3,418.7,421.1,111
2022-02-23T16:00:00+0000,421.1,423.1,419.3,423.0,138
2022-02-23T17:00:00+0000,423.2,424.9,422.8,423.0,199
2022-02-23T18:00:00+0000,422.6,425.6,422.6,423.7,74
2022-02-23T19:00:00+0000,423.7,426.0,423.4,425.4,206
2022-02-24T01:00:00+0000,424.4,427.3,424.4,427.3,17
2022-02-24T02:00:00+0000,427.7,428.2,425.0,425.0,7
2022-02-24T03:00:00+0000,427.6,427.6,427.0,427.0,3
2022-02-24T04:00:00+0000,429.1,430.3,428.2,428.7,52
2022-02-24T05:00:00+0000,427.7,429.0,427.7,428.7,6
2022-02-24T06:00:00+0000,431.2,431.2,431.2,431.2,1
2022-02-24T07:00:00+0000,431.3,439.5,431.3,436.8,115
2022-02-24T08:00:00+0000,436.6,437.7,436.0,436.0,26
2022-02-24T10:00:00+0000,439.3,440.8,437.8,440.0,64
2022-02-24T11:00:00+0000,438.5,438.5,433.2,433.2,2
2022-02-24T12:00:00+0000,433.0,433.0,433.0,433.0,1
2022-02-24T13:00:00+0000,432.0,432.0,430.8,432.0,9
2022-02-24T14:00:00+0000,432.0,432.0,421.0,422.5,105
2022-02-24T15:00:00+0000,422.0,426.4,421.4,421.5,31
2022-02-24T16:00:00+0000,420.9,421.4,412.6,416.2,90
2022-02-24T17:00:00+0000,415.1,417.5,415.0,416.5,18
2022-02-24T18:00:00+0000,416.5,416.5,411.4,412.1,78
2022-02-24T19:00:00+0000,412.3,414.9,410.8,414.9,37
2022-02-25T01:00:00+0000,411.6,413.0,411.4,412.8,5
2022-02-25T08:00:00+0000,415.5,415.5,411.6,411.6,8
2022-02-25T09:00:00+0000,413.7,413.7,411.0,411.0,78
2022-02-25T10:00:00+0000,411.0,411.7,411.0,411.0,127
2022-02-25T11:00:00+0000,409.0,409.0,409.0,409.0,1
2022-02-25T12:00:00+0000,410.2,410.2,410.2,410.2,1
2022-02-25T13:00:00+0000,410.0,410.2,409.3,410.2,6
2022-02-25T14:00:00+0000,410.0,410.0,406.9,407.7,20
2022-02-25T15:00:00+0000,407.7,407.7,403.4,406.6,93
2022-02-25T16:00:00+0000,404.7,404.7,401.1,402.0,29
2022-02-25T17:00:00+0000,401.9,402.6,401.3,402.6,17
2022-02-25T18:00:00+0000,401.9,404.1,401.3,404.1,34
2022-02-25T19:00:00+0000,404.3,404.3,403.0,404.0,26
2022-02-28T01:00:00+0000,405.5,410.3,405.5,407.5,17
2022-02-28T04:00:00+0000,406.9,406.9,406.9,406.9,1
2022-02-28T07:00:00+0000,408.4,408.4,407.0,407.0,4
2022-02-28T08:00:00+0000,408.0,408.0,408.0,408.0,1
2022-02-28T10:00:00+0000,407.9,407.9,407.5,407.5,6
2022-02-28T12:00:00+0000,407.7,407.7,407.2,407.7,21
2022-02-28T13:00:00+0000,407.7,407.7,407.7,407.7,34
2022-02-28T14:00:00+0000,407.1,410.1,405.7,410.1,85
2022-02-28T15:00:00+0000,409.7,410.8,408.7,409.4,14
2022-02-28T16:00:00+0000,410.3,412.3,409.9,412.2,12
2022-02-28T17:00:00+0000,412.9,413.6,411.7,412.7,18
2022-02-28T18:00:00+0000,411.2,411.2,409.3,409.3,8
2022-02-28T19:00:00+0000,409.0,409.0,402.8,405.7,55
2022-03-01T01:00:00+0000,405.6,406.3,405.6,406.2,10
2022-03-01T08:00:00+0000,411.6,412.4,411.6,412.4,7
2022-03-01T10:00:00+0000,410.7,410.7,410.6,410.6,2
2022-03-01T11:00:00+0000,410.1,410.1,410.1,410.1,1
2022-03-01T12:00:00+0000,412.4,412.9,412.4,412.9,2
2022-03-01T13:00:00+0000,414.5,414.5,414.5,414.5,1
2022-03-01T14:00:00+0000,414.8,414.8,408.5,410.2,285
2022-03-01T15:00:00+0000,409.0,410.6,406.5,409.0,67
2022-03-01T16:00:00+0000,409.4,412.1,407.7,408.8,61
2022-03-01T17:00:00+0000,410.8,410.8,408.7,408.7,140
2022-03-01T18:00:00+0000,408.7,409.8,408.2,408.7,187
2022-03-01T19:00:00+0000,408.5,412.5,408.4,412.4,141
2022-03-02T01:00:00+0000,412.5,412.8,412.4,412.7,212
2022-03-02T02:00:00+0000,412.4,412.5,408.8,408.8,68
2022-03-02T05:00:00+0000,406.9,407.4,406.5,407.4,11
2022-03-02T07:00:00+0000,412.2,415.2,412.2,415.2,6
2022-03-02T08:00:00+0000,416.2,416.3,415.2,415.2,12
2022-03-02T09:00:00+0000,414.8,415.9,414.0,415.9,9
2022-03-02T10:00:00+0000,410.9,410.9,410.9,410.9,2
2022-03-02T11:00:00+0000,408.5,409.2,408.5,409.2,3
2022-03-02T12:00:00+0000,410.9,412.3,410.8,412.3,31
2022-03-02T13:00:00+0000,411.2,414.5,411.2,414.1,31
2022-03-02T14:00:00+0000,412.2,413.9,410.0,410.5,50
2022-03-02T15:00:00+0000,411.5,411.5,407.7,408.3,24
2022-03-02T16:00:00+0000,408.9,411.1,407.4,407.5,125
2022-03-02T17:00:00+0000,407.6,407.7,404.1,406.1,143
2022-03-02T18:00:00+0000,404.7,405.9,403.2,405.8,77
2022-03-02T19:00:00+0000,406.0,407.4,404.6,407.3,145
2022-03-03T01:00:00+0000,407.2,410.5,407.2,410.5,5
2022-03-03T02:00:00+0000,409.8,409.8,409.8,409.8,1
2022-03-03T04:00:00+0000,411.0,411.0,411.0,411.0,1
2022-03-03T07:00:00+0000,410.8,411.0,410.8,411.0,3
2022-03-03T08:00:00+0000,410.6,410.6,410.6,410.6,6
2022-03-03T09:00:00+0000,408.2,408.2,408.2,408.2,1
2022-03-03T10:00:00+0000,408.4,408.4,406.4,407.4,5
2022-03-03T12:00:00+0000,406.7,408.0,406.1,408.0,19
2022-03-03T13:00:00+0000,408.0,408.6,407.8,408.3,124
2022-03-03T14:00:00+0000,408.6,410.1,407.0,408.9,48
2022-03-03T15:00:00+0000,409.5,410.3,408.2,408.7,37
2022-03-03T16:00:00+0000,408.7,412.0,407.7,409.2,35
2022-03-03T17:00:00+0000,408.6,410.1,408.0,409.9,82
2022-03-03T18:00:00+0000,409.7,410.3,408.4,409.8,192
2022-03-03T19:00:00+0000,409.9,410.2,407.9,408.6,97
2022-03-04T01:00:00+0000,410.7,413.0,410.7,413.0,10
2022-03-04T02:00:00+0000,413.0,416.1,413.0,414.9,30
2022-03-04T03:00:00+0000,413.6,414.2,412.7,412.7,3
2022-03-04T04:00:00+0000,412.2,412.2,412.0,412.0,4
2022-03-04T05:00:00+0000,412.4,412.4,411.4,411.4,2
2022-03-04T07:00:00+0000,411.4,411.4,411.2,411.2,2
2022-03-04T08:00:00+0000,411.3,411.3,411.0,411.0,2
2022-03-04T10:00:00+0000,414.1,414.1,414.1,414.1,2
2022-03-04T11:00:00+0000,414.6,416.3,414.6,416.3,7
2022-03-04T12:00:00+0000,416.1,416.2,412.8,414.1,8
2022-03-04T13:00:00+0000,414.3,414.5,414.0,414.0,56
2022-03-04T14:00:00+0000,414.0,418.7,412.2,418.0,184
2022-03-04T15:00:00+0000,417.8,420.6,417.0,417.4,182
2022-03-04T16:00:00+0000,418.1,419.2,411.0,412.8,153
2022-03-04T17:00:00+0000,410.2,417.2,409.9,415.9,59
2022-03-04T18:00:00+0000,416.1,416.1,412.8,416.1,37
2022-03-04T19:00:00+0000,415.1,416.6,414.4,414.4,53
2022-03-07T01:00:00+0000,420.0,423.8,415.6,417.1,60
2022-03-07T03:00:00+0000,418.5,418.6,418.5,418.6,17
2022-03-07T04:00:00+0000,418.0,418.5,418.0,418.5,20
2022-03-07T05:00:00+0000,419.0,419.0,418.8,418.8,10
2022-03-07T06:00:00+0000,419.3,419.3,419.3,419.3,1
2022-03-07T07:00:00+0000,419.2,420.5,419.2,420.5,7
2022-03-07T09:00:00+0000,421.1,421.2,420.7,420.7,3
2022-03-07T10:00:00+0000,419.9,419.9,419.9,419.9,1
2022-03-07T11:00:00+0000,421.8,422.0,421.8,422.0,2
2022-03-07T12:00:00+0000,421.5,421.5,419.9,420.1,3
2022-03-07T13:00:00+0000,417.1,417.1,417.1,417.1,2
2022-03-07T14:00:00+0000,412.8,415.2,411.7,414.9,44
2022-03-07T15:00:00+0000,415.3,417.4,413.6,417.4,68
2022-03-07T16:00:00+0000,417.5,419.6,416.8,416.8,30
2022-03-07T17:00:00+0000,416.2,416.2,414.2,414.2,8
2022-03-07T18:00:00+0000,415.4,416.6,415.4,416.1,10
2022-03-07T19:00:00+0000,415.6,417.5,415.5,417.2,40
2022-03-08T01:00:00+0000,414.9,416.1,414.9,416.1,2
2022-03-08T02:00:00+0000,418.0,418.0,418.0,418.0,1
2022-03-08T05:00:00+0000,421.2,421.3,421.2,421.3,2
2022-03-08T06:00:00+0000,420.2,420.2,420.2,420.2,4
2022-03-08T07:00:00+0000,418.4,418.6,418.3,418.6,6
2022-03-08T08:00:00+0000,418.3,419.4,418.3,419.4,2
2022-03-08T09:00:00+0000,420.0,420.0,419.5,419.5,3
2022-03-08T13:00:00+0000,416.3,416.3,415.8,415.8,2
2022-03-08T14:00:00+0000,415.0,420.7,414.4,419.1,18
2022-03-08T15:00:00+0000,419.7,422.9,418.1,420.5,206
2022-03-08T16:00:00+0000,420.9,421.3,419.0,419.7,76
2022-03-08T17:00:00+0000,419.8,420.2,418.9,419.0,213
2022-03-08T18:00:00+0000,419.2,422.7,417.3,420.8,263
2022-03-08T19:00:00+0000,420.5,421.7,420.0,420.9,9
2022-03-09T02:00:00+0000,425.5,425.8,425.5,425.8,2
2022-03-09T03:00:00+0000,427.1,427.4,427.1,427.3,6
2022-03-09T05:00:00+0000,427.1,427.9,426.9,427.0,10
2022-03-09T07:00:00+0000,427.9,427.9,427.1,427.1,2
2022-03-09T09:00:00+0000,427.0,427.1,427.0,427.1,2
2022-03-09T11:00:00+0000,426.5,426.5,425.5,425.5,8
2022-03-09T12:00:00+0000,426.4,426.4,426.4,426.4,2
2022-03-09T13:00:00+0000,425.4,425.4,423.1,424.3,12
2022-03-09T14:00:00+0000,424.3,428.2,421.9,427.5,50
2022-03-09T15:00:00+0000,428.3,428.4,422.9,426.0,93
2022-03-09T16:00:00+0000,425.6,428.7,425.6,426.9,42
2022-03-09T17:00:00+0000,426.9,428.3,421.3,422.8,27
2022-03-09T18:00:00+0000,423.9,424.1,422.2,422.2,22
2022-03-09T19:00:00+0000,421.9,427.1,421.9,424.4,118
2022-03-10T01:00:00+0000,424.1,425.7,421.8,423.8,55
2022-03-10T06:00:00+0000,427.5,427.5,427.5,427.5,1
2022-03-10T08:00:00+0000,428.6,428.6,426.6,426.6,5
2022-03-10T11:00:00+0000,428.2,428.3,427.7,428.3,4
2022-03-10T12:00:00+0000,428.7,428.7,427.0,428.5,4
2022-03-10T13:00:00+0000,430.3,431.2,430.3,431.2,5
2022-03-10T14:00:00+0000,432.8,432.8,430.0,431.2,125
2022-03-10T15:00:00+0000,430.2,433.2,430.2,431.4,53
2022-03-10T16:00:00+0000,432.0,433.8,431.3,431.3,60
2022-03-10T17:00:00+0000,432.1,433.9,431.0,432.5,76
2022-03-10T18:00:00+0000,433.2,434.7,432.2,434.5,20
2022-03-10T19:00:00+0000,434.5,434.5,431.9,431.9,58
2022-03-11T03:00:00+0000,433.7,433.7,433.7,433.7,1
2022-03-11T07:00:00+0000,432.7,432.7,432.7,432.7,1
2022-03-11T08:00:00+0000,432.3,432.6,432.3,432.5,8
2022-03-11T11:00:00+0000,431.1,431.1,429.8,430.5,9
2022-03-11T12:00:00+0000,428.7,429.7,428.7,429.1,3
2022-03-11T13:00:00+0000,427.5,429.6,427.3,429.0,56
2022-03-11T14:00:00+0000,429.7,429.7,427.0,427.7,11
2022-03-11T15:00:00+0000,428.6,430.4,427.0,427.0,43
2022-03-11T16:00:00+0000,426.6,429.1,426.4,426.8,80
2022-03-11T17:00:00+0000,427.3,430.4,427.3,429.9,44
2022-03-11T18:00:00+0000,430.3,431.8,429.0,431.8,27
2022-03-11T19:00:00+0000,431.7,432.9,430.5,432.4,21
2022-03-14T00:00:00+0000,435.3,438.1,435.2,438.1,13
2022-03-14T01:00:00+0000,436.4,436.4,435.8,435.8,6
2022-03-14T02:00:00+0000,438.7,438.7,438.7,438.7,1
2022-03-14T05:00:00+0000,438.0,438.0,438.0,438.0,4
2022-03-14T06:00:00+0000,438.3,438.3,438.3,438.3,1
2022-03-14T07:00:00+0000,438.5,439.0,437.2,437.2,8
2022-03-14T09:00:00+0000,436.4,436.6,436.3,436.6,7
2022-03-14T10:00:00+0000,433.3,433.3,432.5,433.0,5
2022-03-14T11:00:00+0000,432.2,433.4,432.2,433.4,3
2022-03-14T12:00:00+0000,435.3,435.3,435.3,435.3,1
2022-03-14T13:00:00+0000,435.7,438.8,435.6,438.2,26
2022-03-14T14:00:00+0000,438.5,438.6,435.4,438.4,370
2022-03-14T15:00:00+0000,438.2,438.5,435.4,435.6,164
2022-03-14T16:00:00+0000,436.2,437.7,435.2,437.7,33
2022-03-14T17:00:00+0000,436.9,436.9,432.7,432.7,188
2022-03-14T18:00:00+0000,433.1,434.3,433.0,433.9,45
2022-03-15T00:00:00+0000,433.3,433.3,432.9,432.9,3
2022-03-15T02:00:00+0000,428.2,429.2,428.2,429.2,3
2022-03-15T05:00:00+0000,428.0,428.3,427.3,428.3,8
2022-03-15T06:00:00+0000,427.7,427.7,427.7,427.7,1
2022-03-15T08:00:00+0000,429.0,429.0,429.0,429.0,1
2022-03-15T11:00:00+0000,427.5,428.5,427.5,428.4,6
2022-03-15T12:00:00+0000,428.9,428.9,428.7,428.8,5
2022-03-15T13:00:00+0000,428.0,429.7,426.6,428.9,115
2022-03-15T14:00:00+0000,429.2,432.6,429.2,429.6,61
2022-03-15T15:00:00+0000,429.5,431.6,427.7,431.5,197
2022-03-15T16:00:00+0000,430.8,431.8,429.7,431.1,88
2022-03-15T17:00:00+0000,431.9,432.5,430.5,430.9,78
2022-03-15T18:00:00+0000,430.9,430.9,429.2,429.2,56
2022-03-16T00:00:00+0000,428.3,428.8,427.9,428.8,5
2022-03-16T01:00:00+0000,430.4,430.4,430.4,430.4,1
2022-03-16T04:00:00+0000,432.6,432.6,432.6,432.6,1
2022-03-16T05:00:00+0000,432.7,434.6,432.7,434.4,5
2022-03-16T06:00:00+0000,432.7,432.7,432.7,432.7,1
2022-03-16T10:00:00+0000,431.8,431.8,431.8,431.8,1
2022-03-16T11:00:00+0000,431.9,431.9,431.2,431.2,2
2022-03-16T12:00:00+0000,432.0,432.0,431.9,431.9,2
2022-03-16T13:00:00+0000,433.8,433.9,432.3,432.3,6
2022-03-16T14:00:00+0000,430.6,430.8,425.0,426.9,130
2022-03-16T15:00:00+0000,424.7,427.0,423.6,427.0,36
2022-03-16T16:00:00+0000,426.8,429.3,426.4,427.4,80
2022-03-16T17:00:00+0000,427.5,427.6,426.4,426.4,34
2022-03-16T18:00:00+0000,426.2,427.0,425.6,426.5,43
2022-03-17T00:00:00+0000,427.1,427.3,425.9,427.3,7
2022-03-17T08:00:00+0000,427.5,427.5,427.5,427.5,1
2022-03-17T09:00:00+0000,427.6,427.6,427.6,427.6,1
2022-03-17T10:00:00+0000,426.6,427.2,426.6,427.2,6
2022-03-17T12:00:00+0000,426.2,426.2,425.8,425.8,5
2022-03-17T13:00:00+0000,428.7,430.2,428.7,429.3,19
2022-03-17T14:00:00+0000,428.2,429.1,427.2,427.4,25
2022-03-17T15:00:00+0000,426.5,426.8,423.1,425.1,64
2022-03-17T16:00:00+0000,425.7,427.2,425.7,426.4,53
2022-03-17T17:00:00+0000,426.6,427.4,423.9,424.0,188
2022-03-17T18:00:00+0000,424.4,425.0,423.8,424.2,91
2022-03-18T00:00:00+0000,424.4,424.8,424.4,424.8,3
2022-03-18T04:00:00+0000,426.7,426.7,426.7,426.7,1
2022-03-18T06:00:00+0000,426.7,427.0,426.7,427.0,2
2022-03-18T07:00:00+0000,427.2,427.2,425.8,425.8,6
2022-03-18T08:00:00+0000,425.2,425.2,425.1,425.1,3
2022-03-18T10:00:00+0000,426.8,428.0,426.8,427.8,6
2022-03-18T11:00:00+0000,428.0,428.3,428.0,428.3,16
2022-03-18T12:00:00+0000,427.5,427.5,427.5,427.5,1
2022-03-18T13:00:00+0000,425.6,425.7,425.0,425.0,8
2022-03-18T14:00:00+0000,424.8,424.8,422.6,423.0,45
2022-03-18T15:00:00+0000,422.8,423.4,422.7,423.4,5
2022-03-18T16:00:00+0000,424.1,427.6,424.1,427.6,19
2022-03-18T17:00:00+0000,426.7,427.3,425.9,426.0,7
2022-03-18T18:00:00+0000,425.7,426.1,424.5,424.5,21
2022-03-21T00:00:00+0000,423.7,423.7,423.7,423.7,1
2022-03-21T01:00:00+0000,428.2,428.2,428.2,428.2,1
2022-03-21T03:00:00+0000,428.5,428.5,428.5,428.5,1
2022-03-21T06:00:00+0000,428.5,429.2,428.5,429.2,2
2022-03-21T07:00:00+0000,429.1,429.1,429.1,429.1,7
2022-03-21T08:00:00+0000,428.0,428.0,428.0,428.0,1
2022-03-21T09:00:00+0000,428.5,428.5,428.3,428.3,3
2022-03-21T11:00:00+0000,429.0,429.6,428.8,429.4,12
2022-03-21T12:00:00+0000,429.7,429.7,429.0,429.3,9
2022-03-21T13:00:00+0000,429.4,430.6,428.1,428.4,67
2022-03-21T14:00:00+0000,428.9,432.1,428.9,431.2,115
2022-03-21T15:00:00+0000,431.2,432.5,428.1,428.3,56
2022-03-21T16:00:00+0000,428.3,429.8,428.1,428.3,25
2022-03-21T17:00:00+0000,430.0,430.6,429.3,429.5,34
2022-03-21T18:00:00+0000,430.2,430.2,428.6,428.8,43
2022-03-22T00:00:00+0000,426.8,426.8,426.1,426.1,10
2022-03-22T01:00:00+0000,431.0,432.4,431.0,432.4,15
2022-03-22T04:00:00+0000,433.1,433.2,433.1,433.2,2
2022-03-22T06:00:00+0000,433.9,434.8,433.9,434.4,12
2022-03-22T07:00:00+0000,433.2,433.4,429.7,429.7,18
2022-03-22T10:00:00+0000,429.9,430.3,429.9,430.3,2
2022-03-22T11:00:00+0000,430.6,431.4,430.6,430.6,4
2022-03-22T12:00:00+0000,429.7,430.0,429.7,430.0,2
2022-03-22T13:00:00+0000,430.0,431.8,429.9,430.7,93
2022-03-22T14:00:00+0000,430.5,431.6,429.5,429.6,54
2022-03-22T15:00:00+0000,429.6,430.9,428.3,430.3,37
2022-03-22T16:00:00+0000,431.2,431.2,429.6,430.3,20
2022-03-22T17:00:00+0000,429.4,430.0,429.1,429.9,23
2022-03-22T18:00:00+0000,429.2,430.4,429.2,430.3,20
2022-03-23T00:00:00+0000,430.8,430.8,430.8,430.8,1
2022-03-23T01:00:00+0000,430.5,430.5,429.1,429.7,35
2022-03-23T02:00:00+0000,429.2,431.2,428.5,431.2,24
2022-03-23T06:00:00+0000,431.7,432.5,431.7,432.3,12
2022-03-23T08:00:00+0000,433.8,433.8,433.6,433.6,2
2022-03-23T11:00:00+0000,434.5,434.5,433.9,433.9,2
2022-03-23T13:00:00+0000,436.5,439.3,435.6,439.1,161
2022-03-23T14:00:00+0000,439.7,439.8,434.5,435.5,35
2022-03-23T15:00:00+0000,435.8,435.8,433.2,435.1,23
2022-03-23T16:00:00+0000,435.7,436.7,435.5,436.0,57
2022-03-23T17:00:00+0000,436.0,436.8,435.5,435.5,94
2022-03-23T18:00:00+0000,434.9,435.2,434.1,434.1,17
2022-03-24T01:00:00+0000,435.2,435.3,433.2,433.2,10
2022-03-24T02:00:00+0000,433.0,433.0,433.0,433.0,4
2022-03-24T03:00:00+0000,432.7,432.7,432.7,432.7,1
2022-03-24T05:00:00+0000,434.8,434.8,432.9,432.9,4
2022-03-24T06:00:00+0000,432.8,432.8,432.8,432.8,3
2022-03-24T09:00:00+0000,433.4,433.4,433.4,433.4,1
2022-03-24T12:00:00+0000,435.6,437.1,435.6,437.1,11
2022-03-24T13:00:00+0000,437.2,437.8,434.5,435.0,54
2022-03-24T14:00:00+0000,435.5,436.6,435.0,435.0,78
2022-03-24T15:00:00+0000,434.8,435.6,433.7,435.2,50
2022-03-24T16:00:00+0000,435.2,435.6,432.9,432.9,24
2022-03-24T17:00:00+0000,432.9,433.0,432.0,433.0,12
2022-03-24T18:00:00+0000,433.4,433.6,431.2,431.7,57
2022-03-25T00:00:00+0000,432.5,432.8,432.0,432.5,12
2022-03-25T03:00:00+0000,431.5,431.7,429.6,429.7,17
2022-03-25T08:00:00+0000,429.6,429.6,429.1,429.1,3
2022-03-25T11:00:00+0000,432.4,432.4,431.9,431.9,5
2022-03-25T13:00:00+0000,431.7,437.4,431.6,436.0,309
2022-03-25T14:00:00+0000,436.2,436.7,432.6,433.4,77
2022-03-25T15:00:00+0000,433.6,435.0,431.5,432.4,79
2022-03-25T16:00:00+0000,432.9,433.2,432.2,433.0,60
2022-03-25T17:00:00+0000,433.5,434.2,432.2,432.3,80
2022-03-25T18:00:00+0000,432.4,433.1,431.4,431.4,78
2022-03-28T00:00:00+0000,431.4,431.4,431.4,431.4,1
2022-03-28T09:00:00+0000,429.9,429.9,429.9,429.9,6
2022-03-28T10:00:00+0000,430.5,430.5,430.5,430.5,1
2022-03-28T11:00:00+0000,430.5,430.5,430.4,430.4,3
2022-03-28T12:00:00+0000,431.1,431.1,430.0,430.0,5
2022-03-28T13:00:00+0000,428.9,431.2,428.9,430.7,58
2022-03-28T14:00:00+0000,430.2,431.3,429.6,429.6,35
2022-03-28T15:00:00+0000,429.8,430.3,428.5,430.0,46
2022-03-28T16:00:00+0000,429.9,430.5,429.2,430.1,48
2022-03-28T17:00:00+0000,430.1,430.1,428.0,428.4,58
2022-03-28T18:00:00+0000,428.7,429.0,427.5,427.6,46
2022-03-29T01:00:00+0000,429.0,429.0,429.0,429.0,7
2022-03-29T02:00:00+0000,426.9,426.9,426.9,426.9,2
2022-03-29T03:00:00+0000,429.0,429.5,428.9,428.9,46
2022-03-29T05:00:00+0000,428.1,428.1,428.1,428.1,1
2022-03-29T07:00:00+0000,428.0,428.5,427.9,428.5,4
2022-03-29T08:00:00+0000,428.2,428.2,428.2,428.2,1
2022-03-29T09:00:00+0000,428.2,428.2,427.6,427.6,2
2022-03-29T10:00:00+0000,427.2,427.2,426.4,426.4,5
2022-03-29T11:00:00+0000,427.4,428.2,426.7,426.7,25
2022-03-29T12:00:00+0000,424.8,425.1,424.4,424.6,14
2022-03-29T13:00:00+0000,423.9,424.3,414.3,415.1,424
2022-03-29T14:00:00+0000,414.5,419.3,414.2,417.1,333
2022-03-29T15:00:00+0000,417.0,423.2,417.0,421.8,187
2022-03-29T16:00:00+0000,422.0,422.8,421.0,421.5,38
2022-03-29T17:00:00+0000,421.9,421.9,420.6,421.3,86
2022-03-29T18:00:00+0000,421.3,422.3,420.9,422.0,87
2022-03-30T01:00:00+0000,420.5,421.4,420.5,421.4,22
2022-03-30T02:00:00+0000,421.5,421.6,421.5,421.6,3
2022-03-30T06:00:00+0000,421.8,421.8,421.5,421.5,33
2022-03-30T09:00:00+0000,423.1,423.2,423.1,423.1,5
2022-03-30T12:00:00+0000,424.8,425.9,424.8,425.9,16
2022-03-30T13:00:00+0000,425.7,429.0,424.9,428.6,45
2022-03-30T14:00:00+0000,429.1,429.5,427.7,429.5,47
2022-03-30T15:00:00+0000,429.2,429.2,427.1,427.5,10
2022-03-30T16:00:00+0000,427.5,428.0,426.9,426.9,16
2022-03-30T17:00:00+0000,426.7,426.7,425.0,425.0,8
2022-03-30T18:00:00+0000,425.0,427.3,424.9,427.3,61
2022-03-31T00:00:00+0000,426.9,427.1,426.9,427.1,2
2022-03-31T02:00:00+0000,425.9,425.9,425.9,425.9,6
2022-03-31T03:00:00+0000,426.2,426.2,426.2,426.2,1
2022-03-31T05:00:00+0000,427.0,427.2,427.0,427.2,3
2022-03-31T09:00:00+0000,428.1,428.3,427.4,427.4,6
2022-03-31T11:00:00+0000,427.8,427.8,427.8,427.8,1
2022-03-31T12:00:00+0000,428.3,428.3,428.3,428.3,2
2022-03-31T13:00:00+0000,429.3,430.3,428.5,428.5,10
2022-03-31T14:00:00+0000,428.5,429.6,427.1,427.5,64
2022-03-31T15:00:00+0000,427.4,428.6,426.3,426.3,48
2022-03-31T16:00:00+0000,424.7,427.0,413.4,414.4,188
2022-03-31T17:00:00+0000,414.3,415.2,412.6,414.2,152
2022-03-31T18:00:00+0000,413.7,415.4,413.3,414.0,143
2022-04-01T00:00:00+0000,414.0,419.0,414.0,419.0,21
2022-04-01T01:00:00+0000,416.3,416.6,416.1,416.6,3
2022-04-01T03:00:00+0000,416.5,416.5,416.1,416.1,2
2022-04-01T04:00:00+0000,414.9,415.0,414.8,415.0,4
2022-04-01T05:00:00+0000,414.9,414.9,412.6,412.8,7
2022-04-01T07:00:00+0000,412.8,413.1,411.1,411.1,14
2022-04-01T08:00:00+0000,410.9,410.9,410.7,410.7,2
2022-04-01T10:00:00+0000,413.1,414.6,413.1,414.5,13
2022-04-01T11:00:00+0000,413.4,416.0,413.3,416.0,40
2022-04-01T12:00:00+0000,415.9,417.4,415.9,415.9,80
2022-04-01T13:00:00+0000,415.5,416.6,408.3,410.7,183
2022-04-01T14:00:00+0000,409.3,410.6,409.1,409.5,186
2022-04-01T15:00:00+0000,409.1,410.7,407.9,407.9,113
2022-04-01T16:00:00+0000,408.9,409.0,406.8,407.3,32
2022-04-01T17:00:00+0000,407.3,407.7,406.2,406.7,30
2022-04-01T18:00:00+0000,406.9,407.2,404.8,404.8,74
2022-04-04T00:00:00+0000,405.2,405.6,405.2,405.6,8
2022-04-04T02:00:00+0000,407.7,407.7,407.6,407.6,5
2022-04-04T05:00:00+0000,408.0,408.0,408.0,408.0,1
2022-04-04T07:00:00+0000,407.9,408.1,407.9,408.0,6
2022-04-04T08:00:00+0000,408.5,408.5,408.5,408.5,1
2022-04-04T09:00:00+0000,409.8,409.9,409.1,409.1,3
2022-04-04T10:00:00+0000,410.4,410.6,410.4,410.6,2
2022-04-04T12:00:00+0000,410.4,410.5,410.4,410.5,7
2022-04-04T13:00:00+0000,411.8,411.8,409.2,409.5,41
2022-04-04T14:00:00+0000,410.2,413.1,409.8,413.0,66
2022-04-04T15:00:00+0000,414.0,414.0,412.3,413.0,84
2022-04-04T16:00:00+0000,412.6,412.8,411.8,411.8,16
2022-04-04T17:00:00+0000,412.8,412.8,412.4,412.7,63
2022-04-04T18:00:00+0000,412.4,412.7,410.6,410.6,38
2022-04-05T00:00:00+0000,412.5,412.6,412.5,412.6,3
2022-04-05T04:00:00+0000,412.3,412.5,412.3,412.5,6
2022-04-05T05:00:00+0000,412.6,412.6,412.6,412.6,1
2022-04-05T12:00:00+0000,415.0,415.9,414.9,415.9,4
2022-04-05T13:00:00+0000,416.6,419.3,415.0,418.5,127
2022-04-05T14:00:00+0000,417.9,418.6,416.2,418.2,85
2022-04-05T15:00:00+0000,418.0,419.3,417.3,417.3,57
2022-04-05T16:00:00+0000,417.9,419.1,417.7,418.6,141
2022-04-05T17:00:00+0000,418.9,419.2,418.3,418.7,125
2022-04-05T18:00:00+0000,419.0,419.1,417.9,418.4,56
2022-04-06T01:00:00+0000,419.4,419.4,419.4,419.4,1
2022-04-06T04:00:00+0000,420.7,420.7,420.7,420.7,1
2022-04-06T05:00:00+0000,420.7,421.3,420.5,420.6,7
2022-04-06T06:00:00+0000,419.4,419.5,418.7,418.7,8
2022-04-06T07:00:00+0000,418.5,418.5,418.1,418.1,2
2022-04-06T08:00:00+0000,419.3,419.3,419.1,419.1,3
2022-04-06T09:00:00+0000,418.3,418.3,418.3,418.3,1
2022-04-06T10:00:00+0000,417.8,417.8,417.7,417.7,2
2022-04-06T11:00:00+0000,417.2,417.3,415.9,415.9,24
2022-04-06T12:00:00+0000,416.1,417.3,416.0,417.3,16
2022-04-06T13:00:00+0000,417.3,417.7,415.1,415.7,35
2022-04-06T14:00:00+0000,415.5,417.0,414.8,416.7,298
2022-04-06T15:00:00+0000,416.6,417.1,416.3,416.8,25
2022-04-06T16:00:00+0000,416.5,418.1,415.8,417.8,80
2022-04-06T17:00:00+0000,417.7,417.7,415.6,416.1,79
2022-04-06T18:00:00+0000,416.1,417.5,415.6,416.1,124
2022-04-07T00:00:00+0000,416.1,416.1,416.0,416.0,3
2022-04-07T07:00:00+0000,419.1,419.5,419.1,419.5,2
2022-04-07T08:00:00+0000,419.5,419.7,418.9,419.3,7
2022-04-07T09:00:00+0000,419.4,419.4,418.5,418.5,12
2022-04-07T10:00:00+0000,418.7,418.7,417.8,417.8,6
2022-04-07T11:00:00+0000,416.7,416.7,416.5,416.5,3
2022-04-07T12:00:00+0000,416.7,416.7,415.9,416.0,9
2022-04-07T13:00:00+0000,418.4,420.6,416.6,420.6,36
2022-04-07T14:00:00+0000,419.8,420.6,417.8,418.3,69
2022-04-07T15:00:00+0000,418.5,421.1,418.5,420.9,46
2022-04-07T16:00:00+0000,420.8,421.6,420.3,421.3,41
2022-04-07T17:00:00+0000,421.3,422.1,419.1,419.4,55
2022-04-07T18:00:00+0000,419.4,420.3,419.1,419.5,59
2022-04-08T00:00:00+0000,419.0,420.0,418.3,418.8,111
2022-04-08T08:00:00+0000,421.4,421.4,421.4,421.4,4
2022-04-08T09:00:00+0000,420.7,420.7,420.7,420.7,8
2022-04-08T10:00:00+0000,420.3,420.3,420.3,420.3,1
2022-04-08T11:00:00+0000,420.7,422.1,420.7,422.1,2
2022-04-08T12:00:00+0000,421.9,422.3,420.8,421.0,32
2022-04-08T13:00:00+0000,421.9,425.2,421.9,423.6,91
2022-04-08T14:00:00+0000,423.8,423.8,421.3,422.7,127
2022-04-08T15:00:00+0000,422.2,425.0,422.2,422.5,130
2022-04-08T16:00:00+0000,422.4,424.1,420.1,421.7,256
2022-04-08T17:00:00+0000,422.5,423.2,421.9,422.8,177
2022-04-08T18:00:00+0000,422.9,425.0,422.9,424.0,102
2022-04-11T00:00:00+0000,423.7,426.0,423.7,426.0,18
2022-04-11T01:00:00+0000,425.5,426.2,425.2,425.6,53
2022-04-11T02:00:00+0000,425.7,425.7,424.5,424.5,2
2022-04-11T03:00:00+0000,424.5,424.5,424.5,424.5,1
2022-04-11T06:00:00+0000,424.5,425.1,423.9,425.1,5
2022-04-11T07:00:00+0000,425.2,426.0,425.1,426.0,15
2022-04-11T08:00:00+0000,426.0,426.0,425.9,425.9,3
2022-04-11T09:00:00+0000,425.5,425.5,425.5,425.5,3
2022-04-11T10:00:00+0000,425.1,425.1,424.7,424.7,31
2022-04-11T11:00:00+0000,425.2,426.2,425.2,425.9,8
2022-04-11T12:00:00+0000,424.1,425.5,424.1,425.5,24
2022-04-11T13:00:00+0000,424.7,424.7,420.7,421.7,113
2022-04-11T14:00:00+0000,421.7,422.6,420.8,422.0,227
2022-04-11T15:00:00+0000,422.1,422.5,420.5,420.5,194
2022-04-11T16:00:00+0000,420.2,420.3,419.4,420.0,109
2022-04-11T17:00:00+0000,420.1,420.3,419.4,420.0,64
2022-04-11T18:00:00+0000,420.0,423.4,420.0,423.1,86
2022-04-12T00:00:00+0000,423.5,424.3,423.5,424.3,8
2022-04-12T02:00:00+0000,425.6,425.6,425.2,425.2,6
2022-04-12T03:00:00+0000,425.4,425.4,425.4,425.4,1
2022-04-12T04:00:00+0000,424.7,424.7,424.4,424.4,7
2022-04-12T05:00:00+0000,423.9,424.2,423.9,424.2,7
2022-04-12T06:00:00+0000,424.2,424.4,424.2,424.4,3
2022-04-12T09:00:00+0000,424.5,424.8,424.4,424.4,7
2022-04-12T10:00:00+0000,424.7,424.9,424.5,424.8,9
2022-04-12T11:00:00+0000,424.3,424.6,424.2,424.5,6
2022-04-12T12:00:00+0000,424.1,424.7,423.4,424.7,26
2022-04-12T13:00:00+0000,424.7,428.4,424.7,425.7,148
2022-04-12T14:00:00+0000,425.2,425.3,424.5,424.9,37
2022-04-12T15:00:00+0000,425.4,428.3,425.3,427.0,117
2022-04-12T16:00:00+0000,427.1,427.4,425.5,426.3,98
2022-04-12T17:00:00+0000,427.1,427.3,426.2,427.2,94
2022-04-12T18:00:00+0000,427.3,428.4,426.3,426.5,113
2022-04-13T00:00:00+0000,426.6,426.9,426.6,426.7,4
2022-04-13T01:00:00+0000,425.3,425.3,425.0,425.0,4
2022-04-13T03:00:00+0000,424.2,424.6,424.2,424.6,3
2022-04-13T04:00:00+0000,424.9,424.9,424.8,424.8,3
2022-04-13T05:00:00+0000,424.6,424.6,424.5,424.6,6
2022-04-13T07:00:00+0000,424.0,424.0,423.9,423.9,2
2022-04-13T08:00:00+0000,424.6,424.7,424.3,424.3,3
2022-04-13T09:00:00+0000,424.0,424.7,424.0,424.7,3
2022-04-13T10:00:00+0000,424.4,424.4,423.6,423.6,27
2022-04-13T11:00:00+0000,423.7,424.6,423.7,424.6,11
2022-04-13T12:00:00+0000,424.6,424.6,424.2,424.2,2
2022-04-13T13:00:00+0000,425.2,425.2,420.6,421.6,131
2022-04-13T14:00:00+0000,421.7,423.1,421.0,421.8,272
2022-04-13T15:00:00+0000,422.5,423.8,421.2,423.8,199
2022-04-13T16:00:00+0000,423.7,424.4,422.8,422.8,300
2022-04-13T17:00:00+0000,422.8,423.0,421.4,421.6,267
2022-04-13T18:00:00+0000,421.5,422.5,421.2,422.3,92
2022-04-14T00:00:00+0000,422.6,422.6,422.1,422.1,2
2022-04-14T04:00:00+0000,423.3,423.4,423.3,423.4,3
2022-04-14T05:00:00+0000,423.5,423.8,423.5,423.8,5
2022-04-14T06:00:00+0000,424.2,425.0,424.2,424.8,5
2022-04-14T07:00:00+0000,423.9,423.9,423.9,423.9,1
2022-04-14T08:00:00+0000,425.4,425.4,425.4,425.4,1
2022-04-14T09:00:00+0000,425.1,425.1,423.5,423.5,12
2022-04-14T10:00:00+0000,424.1,424.1,424.1,424.1,1
2022-04-14T11:00:00+0000,424.2,424.2,424.2,424.2,2
2022-04-14T13:00:00+0000,423.9,423.9,420.7,421.9,114
2022-04-14T14:00:00+0000,421.8,422.6,421.6,421.6,47
2022-04-14T15:00:00+0000,421.1,421.5,420.0,420.0,37
2022-04-14T16:00:00+0000,419.7,420.0,417.9,418.2,91
2022-04-14T17:00:00+0000,418.4,420.6,417.8,420.5,130
2022-04-14T18:00:00+0000,419.7,420.1,419.0,420.0,82
2022-04-18T00:00:00+0000,419.6,420.3,419.6,420.3,6
2022-04-18T01:00:00+0000,421.2,421.7,421.2,421.5,11
2022-04-18T02:00:00+0000,421.4,422.4,421.0,422.2,14
2022-04-18T03:00:00+0000,422.2,423.0,422.0,422.8,5
2022-04-18T04:00:00+0000,422.2,422.6,422.2,422.6,3
2022-04-18T05:00:00+0000,421.6,421.6,421.2,421.2,3
2022-04-18T06:00:00+0000,420.6,421.1,420.3,421.0,11
2022-04-18T07:00:00+0000,420.6,421.5,420.2,421.5,18
2022-04-18T08:00:00+0000,421.4,422.3,421.4,422.2,3
2022-04-18T09:00:00+0000,421.0,421.0,421.0,421.0,1
2022-04-18T10:00:00+0000,420.5,420.5,420.5,420.5,1
2022-04-18T11:00:00+0000,421.2,421.4,421.2,421.3,4
2022-04-18T12:00:00+0000,421.5,421.5,420.6,420.6,11
2022-04-18T13:00:00+0000,422.4,423.9,422.1,423.9,79
2022-04-18T14:00:00+0000,423.9,425.0,422.7,422.9,192
2022-04-18T15:00:00+0000,423.8,423.9,421.6,422.2,110
2022-04-18T16:00:00+0000,422.5,424.0,422.5,423.5,109
2022-04-18T17:00:00+0000,424.2,424.5,423.5,424.1,212
2022-04-18T18:00:00+0000,424.0,425.2,423.6,424.1,59
2022-04-19T00:00:00+0000,427.2,427.2,426.0,426.3,12
2022-04-19T01:00:00+0000,426.1,426.3,426.1,426.3,2
2022-04-19T02:00:00+0000,426.3,426.3,426.1,426.1,2
2022-04-19T05:00:00+0000,426.5,426.5,426.5,426.5,3
2022-04-19T07:00:00+0000,427.6,427.8,427.5,427.5,6
2022-04-19T08:00:00+0000,427.2,427.4,426.8,427.4,11
2022-04-19T09:00:00+0000,426.9,427.0,425.6,427.0,25
2022-04-19T10:00:00+0000,427.6,427.9,427.6,427.6,24
2022-04-19T11:00:00+0000,427.3,427.4,427.1,427.1,23
2022-04-19T12:00:00+0000,427.1,427.1,424.5,424.5,6
2022-04-19T13:00:00+0000,426.0,428.3,424.5,427.5,101
2022-04-19T14:00:00+0000,427.5,428.7,426.6,428.1,162
2022-04-19T15:00:00+0000,428.6,429.7,427.6,429.0,114
2022-04-19T16:00:00+0000,429.6,429.6,426.4,426.6,89
2022-04-19T17:00:00+0000,425.8,426.3,425.4,425.4,34
2022-04-19T18:00:00+0000,425.7,425.9,425.3,425.3,30
2022-04-20T00:00:00+0000,425.5,427.2,425.5,427.2,6
2022-04-20T02:00:00+0000,427.4,427.4,427.4,427.4,1
2022-04-20T03:00:00+0000,425.5,425.5,425.2,425.2,7
2022-04-20T05:00:00+0000,426.1,426.1,425.9,425.9,3
2022-04-20T09:00:00+0000,425.5,425.5,425.5,425.5,7
2022-04-20T10:00:00+0000,425.6,425.6,425.6,425.6,1
2022-04-20T11:00:00+0000,426.1,428.1,426.1,428.1,11
2022-04-20T12:00:00+0000,428.0,428.0,427.2,427.6,6
2022-04-20T13:00:00+0000,427.4,429.0,425.2,425.8,124
2022-04-20T14:00:00+0000,425.7,426.3,424.6,426.2,198
2022-04-20T15:00:00+0000,426.2,426.9,425.8,426.7,36
2022-04-20T16:00:00+0000,427.2,430.1,427.2,428.7,79
2022-04-20T17:00:00+0000,428.5,428.8,426.9,427.4,56
2022-04-20T18:00:00+0000,427.4,428.6,427.4,428.6,66
2022-04-21T00:00:00+0000,428.2,429.4,427.9,427.9,19
2022-04-21T04:00:00+0000,427.7,427.8,427.7,427.8,2
2022-04-21T05:00:00+0000,427.7,427.7,427.6,427.7,5
2022-04-21T06:00:00+0000,427.3,428.2,426.6,428.2,14
2022-04-21T08:00:00+0000,427.7,427.7,426.7,426.8,5
2022-04-21T09:00:00+0000,426.9,427.4,426.9,427.4,21
2022-04-21T10:00:00+0000,427.7,427.7,427.6,427.6,2
2022-04-21T12:00:00+0000,427.9,428.6,426.9,427.2,25
2022-04-21T13:00:00+0000,426.3,427.5,425.5,426.6,95
2022-04-21T14:00:00+0000,426.1,429.9,425.6,429.9,111
2022-04-21T15:00:00+0000,430.4,431.2,428.1,428.3,44
2022-04-21T16:00:00+0000,427.5,428.4,427.4,427.8,117
2022-04-21T17:00:00+0000,427.4,427.5,426.6,427.3,30
2022-04-21T18:00:00+0000,427.3,428.2,427.3,427.9,35
2022-04-22T00:00:00+0000,427.6,427.6,427.6,427.6,1
2022-04-22T02:00:00+0000,426.6,426.6,426.6,426.6,1
2022-04-22T05:00:00+0000,426.6,426.7,426.6,426.7,2
2022-04-22T06:00:00+0000,426.5,426.7,426.4,426.7,7
2022-04-22T08:00:00+0000,426.6,426.6,426.5,426.6,3
2022-04-22T09:00:00+0000,425.5,425.5,425.0,425.0,13
2022-04-22T10:00:00+0000,424.8,425.1,423.2,423.3,20
2022-04-22T11:00:00+0000,422.6,424.5,422.3,422.3,35
2022-04-22T12:00:00+0000,422.3,424.8,422.3,424.2,29
2022-04-22T13:00:00+0000,424.2,424.4,421.2,421.2,71
2022-04-22T14:00:00+0000,420.5,420.9,419.2,419.6,183
2022-04-22T15:00:00+0000,419.7,419.7,417.0,417.5,57
2022-04-22T16:00:00+0000,418.0,420.4,417.7,419.4,54
2022-04-22T17:00:00+0000,419.0,419.7,416.9,418.5,206
2022-04-22T18:00:00+0000,418.0,418.8,417.7,418.8,98
2022-04-25T00:00:00+0000,417.5,417.5,416.3,416.3,9
2022-04-25T01:00:00+0000,415.4,415.4,415.0,415.0,5
2022-04-25T02:00:00+0000,414.0,414.0,413.6,413.6,6
2022-04-25T03:00:00+0000,413.6,413.6,413.6,413.6,1
2022-04-25T04:00:00+0000,415.1,415.6,415.1,415.6,5
2022-04-25T05:00:00+0000,414.8,414.8,412.4,412.4,6
2022-04-25T06:00:00+0000,412.0,412.0,411.4,411.4,3
2022-04-25T07:00:00+0000,411.3,411.9,411.3,411.9,2
2022-04-25T08:00:00+0000,412.3,412.5,412.1,412.5,4
2022-04-25T09:00:00+0000,412.6,413.3,412.5,413.3,22
2022-04-25T10:00:00+0000,413.0,413.0,412.4,412.4,4
2022-04-25T11:00:00+0000,413.5,413.5,412.1,413.0,6
2022-04-25T12:00:00+0000,414.0,414.1,413.9,414.1,3
2022-04-25T13:00:00+0000,414.9,415.2,412.6,415.1,65
2022-04-25T14:00:00+0000,416.2,416.6,414.3,414.7,85
2022-04-25T15:00:00+0000,414.3,415.4,412.2,415.4,66
2022-04-25T16:00:00+0000,414.4,415.4,413.5,414.3,145
2022-04-25T17:00:00+0000,414.0,414.4,413.0,413.7,144
2022-04-25T18:00:00+0000,413.7,415.0,413.7,414.0,70
2022-04-26T00:00:00+0000,414.2,415.3,413.0,413.0,19
2022-04-26T02:00:00+0000,413.9,413.9,413.4,413.4,3
2022-04-26T06:00:00+0000,415.2,415.2,415.2,415.2,1
2022-04-26T07:00:00+0000,416.2,416.5,416.1,416.1,16
2022-04-26T08:00:00+0000,416.1,416.4,415.4,416.3,16
2022-04-26T10:00:00+0000,417.8,418.4,417.0,418.4,17
2022-04-26T11:00:00+0000,418.4,418.6,417.5,417.5,12
2022-04-26T12:00:00+0000,417.6,417.6,417.5,417.5,5
2022-04-26T13:00:00+0000,418.1,418.6,414.9,414.9,57
2022-04-26T14:00:00+0000,415.0,415.0,412.9,413.3,234
2022-04-26T15:00:00+0000,413.3,415.1,412.3,412.4,103
2022-04-26T16:00:00+0000,412.2,412.4,409.6,411.9,244
2022-04-26T17:00:00+0000,411.6,411.6,409.5,409.6,188
2022-04-26T18:00:00+0000,409.7,409.7,408.0,408.5,73
2022-04-27T00:00:00+0000,409.0,409.2,407.5,407.7,25
2022-04-27T01:00:00+0000,408.3,408.3,408.3,408.3,1
2022-04-27T02:00:00+0000,408.1,408.1,408.1,408.1,1
2022-04-27T03:00:00+0000,408.3,408.3,408.3,408.3,1
2022-04-27T04:00:00+0000,408.2,408.2,408.2,408.2,1
2022-04-27T05:00:00+0000,408.8,409.2,408.8,409.2,5
2022-04-27T06:00:00+0000,409.2,410.3,409.2,409.8,22
2022-04-27T07:00:00+0000,410.0,410.1,409.2,409.5,20
2022-04-27T08:00:00+0000,409.9,410.0,409.0,409.9,14
2022-04-27T09:00:00+0000,410.1,410.8,409.1,409.1,93
2022-04-27T10:00:00+0000,408.9,409.6,407.3,407.3,81
2022-04-27T11:00:00+0000,408.3,408.7,408.3,408.7,4
2022-04-27T12:00:00+0000,409.1,409.1,406.7,406.7,6
2022-04-27T13:00:00+0000,407.2,408.6,405.5,406.3,133
2022-04-27T14:00:00+0000,406.1,407.4,405.5,407.4,149
2022-04-27T15:00:00+0000,407.5,413.7,407.0,413.4,249
2022-04-27T16:00:00+0000,413.6,416.7,412.6,413.3,95
2022-04-27T17:00:00+0000,412.4,412.7,411.0,411.0,70
2022-04-27T18:00:00+0000,411.8,412.4,410.7,411.7,116
2022-04-28T00:00:00+0000,410.3,410.3,410.3,410.3,1
2022-04-28T01:00:00+0000,409.9,409.9,409.9,409.9,1
2022-04-28T03:00:00+0000,412.2,413.4,412.1,413.4,16
2022-04-28T04:00:00+0000,413.7,413.7,413.0,413.0,9
2022-04-28T05:00:00+0000,413.0,413.5,413.0,413.5,5
2022-04-28T07:00:00+0000,412.8,412.8,412.8,412.8,1
2022-04-28T08:00:00+0000,413.9,414.2,413.9,414.2,2
2022-04-28T09:00:00+0000,414.2,414.2,413.7,413.7,5
2022-04-28T10:00:00+0000,414.4,414.4,413.5,413.5,6
2022-04-28T11:00:00+0000,413.7,414.3,413.5,413.7,5
2022-04-28T12:00:00+0000,414.2,414.2,413.4,413.8,18
2022-04-28T13:00:00+0000,413.0,413.0,409.4,410.0,60
2022-04-28T14:00:00+0000,410.3,410.4,407.9,408.7,176
2022-04-28T15:00:00+0000,408.7,409.6,408.3,408.3,95
2022-04-28T16:00:00+0000,408.4,409.3,407.6,408.3,63
2022-04-28T17:00:00+0000,408.0,408.8,405.6,405.6,139
2022-04-28T18:00:00+0000,405.6,405.7,404.5,405.1,75
2022-04-29T00:00:00+0000,407.6,407.6,406.7,406.7,7
2022-04-29T01:00:00+0000,406.3,406.3,405.9,405.9,3
2022-04-29T02:00:00+0000,405.8,407.1,405.8,407.1,7
2022-04-29T03:00:00+0000,406.7,408.0,406.7,407.7,23
2022-04-29T04:00:00+0000,407.6,407.6,407.6,407.6,2
2022-04-29T05:00:00+0000,407.9,408.5,407.9,408.5,5
2022-04-29T06:00:00+0000,409.2,410.4,409.2,410.0,18
2022-04-29T07:00:00+0000,411.1,411.1,409.1,409.2,18
2022-04-29T08:00:00+0000,408.5,408.5,408.3,408.3,2
2022-04-29T09:00:00+0000,409.5,409.6,408.7,408.7,6
2022-04-29T10:00:00+0000,409.2,409.9,409.2,409.7,9
2022-04-29T11:00:00+0000,410.0,410.0,409.8,410.0,4
2022-04-29T12:00:00+0000,409.8,410.3,409.2,410.2,17
2022-04-29T13:00:00+0000,411.2,413.8,410.5,411.9,149
2022-04-29T14:00:00+0000,412.2,413.6,410.6,410.6,160
2022-04-29T15:00:00+0000,410.9,410.9,408.1,408.8,106
2022-04-29T16:00:00+0000,409.5,409.7,408.1,409.1,129
2022-04-29T17:00:00+0000,408.8,409.4,406.2,406.2,62
2022-04-29T18:00:00+0000,406.4,406.5,404.7,406.3,196
2022-05-02T00:00:00+0000,406.5,408.4,404.9,405.8,46
2022-05-02T01:00:00+0000,405.5,405.9,404.5,404.5,6
2022-05-02T03:00:00+0000,404.1,404.1,403.9,404.1,11
2022-05-02T04:00:00+0000,404.1,404.1,404.1,404.1,3
2022-05-02T05:00:00+0000,403.9,403.9,403.3,403.3,15
2022-05-02T06:00:00+0000,403.2,403.4,403.2,403.3,4
2022-05-02T07:00:00+0000,403.8,403.8,403.0,403.1,11
2022-05-02T08:00:00+0000,403.2,403.8,403.1,403.7,11
2022-05-02T09:00:00+0000,403.9,403.9,403.9,403.9,1
2022-05-02T11:00:00+0000,403.5,403.5,403.5,403.5,2
2022-05-02T12:00:00+0000,405.6,405.6,404.3,404.4,14
2022-05-02T13:00:00+0000,403.8,404.3,401.0,402.7,386
2022-05-02T14:00:00+0000,403.0,403.6,401.4,402.0,127
2022-05-02T15:00:00+0000,401.5,403.7,400.8,402.5,239
2022-05-02T16:00:00+0000,402.5,402.9,401.4,402.0,187
2022-05-02T17:00:00+0000,401.6,402.3,400.3,401.6,165
2022-05-02T18:00:00+0000,401.6,404.5,401.5,404.5,133
2022-05-03T00:00:00+0000,405.8,405.9,405.8,405.9,3
2022-05-03T01:00:00+0000,407.5,407.5,407.3,407.3,2
2022-05-03T06:00:00+0000,404.8,405.3,404.8,405.3,2
2022-05-03T07:00:00+0000,404.7,404.7,404.3,404.3,13
2022-05-03T08:00:00+0000,403.5,403.9,403.3,403.9,19
2022-05-03T09:00:00+0000,405.5,405.5,405.5,405.5,2
2022-05-03T10:00:00+0000,405.7,406.0,405.7,406.0,9
2022-05-03T11:00:00+0000,406.1,406.1,406.1,406.1,1
2022-05-03T12:00:00+0000,406.7,407.3,406.7,407.3,7
2022-05-03T13:00:00+0000,406.7,406.7,401.8,404.3,93
2022-05-03T14:00:00+0000,403.7,405.7,402.2,403.3,174
2022-05-03T15:00:00+0000,402.3,404.8,402.0,403.4,112
2022-05-03T16:00:00+0000,403.0,403.0,400.0,401.8,97
2022-05-03T17:00:00+0000,401.3,402.1,400.0,400.8,144
2022-05-03T18:00:00+0000,400.8,401.4,400.6,401.4,63
2022-05-04T00:00:00+0000,402.7,402.7,401.9,401.9,7
2022-05-04T04:00:00+0000,401.0,401.0,401.0,401.0,1
2022-05-04T06:00:00+0000,401.3,401.3,401.3,401.3,1
2022-05-04T07:00:00+0000,401.0,401.2,400.5,401.0,8
2022-05-04T08:00:00+0000,401.6,402.0,401.4,402.0,20
2022-05-04T10:00:00+0000,401.6,401.8,401.1,401.8,18
2022-05-04T11:00:00+0000,402.5,403.3,402.3,403.3,8
2022-05-04T12:00:00+0000,403.0,403.3,402.4,402.4,28
2022-05-04T13:00:00+0000,402.4,402.6,396.5,396.8,255
2022-05-04T14:00:00+0000,396.7,397.7,394.5,396.0,240
2022-05-04T15:00:00+0000,395.6,397.3,395.0,396.5,185
2022-05-04T16:00:00+0000,396.5,397.7,395.7,396.2,105
2022-05-04T17:00:00+0000,395.7,396.9,395.1,396.7,172
2022-05-04T18:00:00+0000,397.0,397.9,396.6,397.3,57
2022-05-05T00:00:00+0000,398.0,399.3,398.0,399.2,31
2022-05-05T01:00:00+0000,399.2,400.4,399.2,400.4,9
2022-05-05T03:00:00+0000,400.7,400.7,400.7,400.7,1
2022-05-05T05:00:00+0000,400.7,400.8,400.7,400.8,3
2022-05-05T09:00:00+0000,399.3,399.5,399.3,399.5,2
2022-05-05T10:00:00+0000,400.5,400.5,400.5,400.5,3
2022-05-05T11:00:00+0000,400.7,401.0,400.7,400.9,24
2022-05-05T12:00:00+0000,400.5,400.7,400.2,400.2,7
2022-05-05T13:00:00+0000,400.1,402.0,398.7,401.1,103
2022-05-05T14:00:00+0000,402.0,402.0,399.2,399.7,93
2022-05-05T15:00:00+0000,399.8,400.2,399.0,399.5,116
2022-05-05T16:00:00+0000,399.3,399.8,398.0,398.9,162
2022-05-05T17:00:00+0000,399.2,399.7,398.5,398.5,28
2022-05-05T18:00:00+0000,398.5,399.8,397.6,398.6,130
2022-05-06T00:00:00+0000,397.7,397.9,397.5,397.5,4
2022-05-06T02:00:00+0000,396.7,396.9,396.7,396.9,2
2022-05-06T03:00:00+0000,397.2,397.3,396.3,396.3,4
2022-05-06T04:00:00+0000,398.0,398.0,397.8,397.8,3
2022-05-06T05:00:00+0000,397.5,398.3,397.5,398.3,3
2022-05-06T06:00:00+0000,397.7,397.7,397.7,397.7,1
2022-05-06T07:00:00+0000,396.6,396.7,396.2,396.2,4
2022-05-06T08:00:00+0000,396.1,396.5,396.1,396.5,2
2022-05-06T09:00:00+0000,397.1,397.2,397.0,397.2,6
2022-05-06T10:00:00+0000,397.2,397.4,397.2,397.4,7
2022-05-06T11:00:00+0000,397.0,397.1,396.3,396.5,48
2022-05-06T12:00:00+0000,396.8,397.3,396.5,397.1,32
2022-05-06T13:00:00+0000,395.9,396.6,394.5,395.1,160
2022-05-06T14:00:00+0000,395.0,396.6,394.7,395.8,112
2022-05-06T15:00:00+0000,395.7,397.7,395.7,396.5,113
2022-05-06T16:00:00+0000,396.6,397.1,395.5,395.5,119
2022-05-06T17:00:00+0000,394.9,395.4,394.7,395.0,89
2022-05-06T18:00:00+0000,394.8,395.6,394.1,394.5,148
2022-05-09T00:00:00+0000,394.0,395.7,393.0,393.0,26
2022-05-09T01:00:00+0000,392.7,393.2,392.6,393.2,7
2022-05-09T05:00:00+0000,392.5,392.7,392.5,392.7,2
2022-05-09T06:00:00+0000,392.6,392.6,392.3,392.5,5
2022-05-09T07:00:00+0000,392.3,392.3,392.3,392.3,4
2022-05-09T08:00:00+0000,392.1,392.2,391.0,391.0,57
2022-05-09T09:00:00+0000,391.3,392.0,391.3,392.0,3
2022-05-09T10:00:00+0000,391.4,391.4,391.2,391.2,2
2022-05-09T11:00:00+0000,391.3,391.3,390.2,390.4,105
2022-05-09T12:00:00+0000,390.0,390.4,389.7,390.4,17
2022-05-09T13:00:00+0000,389.9,391.6,388.9,389.3,139
2022-05-09T14:00:00+0000,389.0,390.6,388.3,389.2,101
2022-05-09T15:00:00+0000,388.2,389.4,387.6,388.4,146
2022-05-09T16:00:00+0000,388.7,389.7,387.5,389.0,127
2022-05-09T17:00:00+0000,389.0,389.5,387.8,388.9,137
2022-05-09T18:00:00+0000,388.9,389.7,388.1,389.5,136
2022-05-10T00:00:00+0000,388.2,388.2,387.2,388.2,16
2022-05-10T01:00:00+0000,388.6,389.8,388.6,389.8,6
2022-05-10T02:00:00+0000,389.7,390.6,389.7,390.6,9
2022-05-10T03:00:00+0000,390.5,390.6,390.3,390.5,20
2022-05-10T05:00:00+0000,390.9,391.7,390.9,391.7,4
2022-05-10T06:00:00+0000,390.6,390.7,390.5,390.5,5
2022-05-10T07:00:00+0000,390.4,390.6,389.0,389.0,21
2022-05-10T08:00:00+0000,388.9,389.8,388.9,389.6,16
2022-05-10T09:00:00+0000,390.4,390.4,390.4,390.4,1
2022-05-10T10:00:00+0000,389.8,389.8,389.8,389.8,2
2022-05-10T11:00:00+0000,390.2,392.1,390.2,392.1,8
2022-05-10T12:00:00+0000,391.5,392.1,391.2,392.1,10
2022-05-10T13:00:00+0000,389.9,392.2,389.3,389.9,116
2022-05-10T14:00:00+0000,390.0,390.7,387.8,387.9,163
2022-05-10T15:00:00+0000,387.6,389.4,386.6,388.7,231
2022-05-10T16:00:00+0000,388.6,388.8,386.7,387.1,162
2022-05-10T17:00:00+0000,387.2,390.0,387.2,389.7,459
2022-05-10T18:00:00+0000,389.6,390.2,387.9,388.4,108
2022-05-11T00:00:00+0000,388.0,388.4,387.9,388.4,7
2022-05-11T01:00:00+0000,389.3,389.3,389.3,389.3,3
2022-05-11T02:00:00+0000,388.1,388.1,388.1,388.1,1
2022-05-11T03:00:00+0000,387.4,387.4,387.4,387.4,1
2022-05-11T04:00:00+0000,387.5,387.5,387.5,387.5,5
2022-05-11T05:00:00+0000,387.0,387.6,387.0,387.5,15
2022-05-11T06:00:00+0000,387.1,387.4,387.1,387.4,7
2022-05-11T07:00:00+0000,387.5,387.5,387.0,387.0,4
2022-05-11T08:00:00+0000,387.0,387.2,386.5,386.8,8
2022-05-11T09:00:00+0000,387.6,388.8,387.6,388.7,9
2022-05-11T10:00:00+0000,388.4,388.8,388.0,388.6,36
2022-05-11T11:00:00+0000,388.5,388.9,388.3,388.3,4
2022-05-11T12:00:00+0000,388.0,388.2,387.9,387.9,7
2022-05-11T13:00:00+0000,387.4,389.4,386.4,389.0,276
2022-05-11T14:00:00+0000,389.1,391.4,387.5,387.9,255
2022-05-11T15:00:00+0000,388.0,388.0,385.5,386.5,104
2022-05-11T16:00:00+0000,386.1,387.4,385.9,387.4,78
2022-05-11T17:00:00+0000,387.1,388.2,386.3,386.6,101
2022-05-11T18:00:00+0000,386.7,386.7,385.4,385.4,81
2022-05-12T00:00:00+0000,386.8,387.3,386.8,387.3,7
2022-05-12T02:00:00+0000,386.0,386.0,385.5,385.5,31
2022-05-12T03:00:00+0000,386.5,386.5,386.5,386.5,1
2022-05-12T04:00:00+0000,385.6,385.6,385.6,385.6,1
2022-05-12T05:00:00+0000,385.5,385.6,385.1,385.2,11
2022-05-12T06:00:00+0000,385.0,385.0,384.6,384.6,48
2022-05-12T07:00:00+0000,385.8,385.8,385.8,385.8,2
2022-05-12T08:00:00+0000,385.7,385.7,385.7,385.7,1
2022-05-12T09:00:00+0000,385.4,386.1,385.4,386.1,2
2022-05-12T10:00:00+0000,385.1,386.0,385.1,385.8,81
2022-05-12T11:00:00+0000,386.6,387.2,386.6,387.2,21
2022-05-12T12:00:00+0000,386.3,386.5,386.3,386.4,18
2022-05-12T13:00:00+0000,386.3,388.2,385.1,386.3,56
2022-05-12T14:00:00+0000,386.2,388.0,386.1,386.6,177
2022-05-12T15:00:00+0000,386.7,390.4,386.5,389.8,345
2022-05-12T16:00:00+0000,390.0,391.2,385.1,385.6,261
2022-05-12T17:00:00+0000,385.2,386.7,385.2,386.3,114
2022-05-12T18:00:00+0000,386.5,387.3,386.1,387.1,146
2022-05-13T00:00:00+0000,387.9,387.9,386.5,387.6,13
2022-05-13T01:00:00+0000,387.6,387.6,387.6,387.6,1
2022-05-13T02:00:00+0000,387.6,387.6,387.6,387.6,1
2022-05-13T03:00:00+0000,388.0,388.0,388.0,388.0,1
2022-05-13T06:00:00+0000,388.2,389.1,388.0,389.1,10
2022-05-13T07:00:00+0000,388.5,389.0,388.5,388.6,3
2022-05-13T09:00:00+0000,388.5,389.8,388.5,389.8,5
2022-05-13T10:00:00+0000,389.8,390.4,389.6,389.6,26
2022-05-13T11:00:00+0000,390.1,390.2,389.6,390.1,36
2022-05-13T12:00:00+0000,390.1,390.2,389.3,389.4,8
2022-05-13T13:00:00+0000,389.2,392.6,389.2,392.6,169
2022-05-13T14:00:00+0000,392.6,393.9,391.0,392.0,138
2022-05-13T15:00:00+0000,392.1,392.9,390.5,391.5,67
2022-05-13T16:00:00+0000,391.8,393.6,391.7,393.0,150
2022-05-13T17:00:00+0000,393.0,396.5,393.0,396.2,194
2022-05-13T18:00:00+0000,396.4,396.5,395.3,395.8,129
2022-05-16T00:00:00+0000,398.4,401.6,398.4,400.2,56
2022-05-16T01:00:00+0000,400.2,401.4,400.2,401.0,10
2022-05-16T03:00:00+0000,399.8,399.8,399.8,399.8,1
2022-05-16T04:00:00+0000,399.6,399.6,399.6,399.6,1
2022-05-16T05:00:00+0000,400.2,400.2,400.2,400.2,2
2022-05-16T06:00:00+0000,401.2,401.3,401.1,401.3,3
2022-05-16T07:00:00+0000,400.8,401.2,400.2,400.8,6
2022-05-16T08:00:00+0000,400.6,400.6,400.5,400.5,2
2022-05-16T09:00:00+0000,400.6,400.6,399.5,399.5,3
2022-05-16T10:00:00+0000,399.7,401.2,399.3,401.2,106
2022-05-16T11:00:00+0000,401.0,401.2,400.5,401.2,88
2022-05-16T12:00:00+0000,401.4,401.6,400.1,400.2,81
2022-05-16T13:00:00+0000,400.9,401.3,399.4,400.4,140
2022-05-16T14:00:00+0000,400.0,402.2,398.8,401.0,264
2022-05-16T15:00:00+0000,400.9,401.5,400.2,400.5,64
2022-05-16T16:00:00+0000,400.6,401.0,399.7,400.1,49
2022-05-16T17:00:00+0000,400.2,400.8,399.5,400.2,64
2022-05-16T18:00:00+0000,400.7,401.3,399.9,399.9,96
2022-05-17T00:00:00+0000,400.0,400.5,399.1,399.4,20
2022-05-17T01:00:00+0000,399.3,399.7,399.3,399.7,5
2022-05-17T02:00:00+0000,399.9,400.0,399.5,399.5,5
2022-05-17T04:00:00+0000,399.8,399.9,399.8,399.9,2
2022-05-17T06:00:00+0000,401.1,401.1,401.1,401.1,1
2022-05-17T07:00:00+0000,401.1,401.1,400.8,400.8,13
2022-05-17T08:00:00+0000,400.5,400.5,398.4,399.6,45
2022-05-17T09:00:00+0000,399.6,400.0,399.1,399.5,50
2022-05-17T10:00:00+0000,400.0,400.0,399.7,399.7,13
2022-05-17T11:00:00+0000,400.0,400.0,400.0,400.0,1
2022-05-17T12:00:00+0000,399.9,401.0,399.7,401.0,28
2022-05-17T13:00:00+0000,401.5,404.3,400.7,402.8,332
2022-05-17T14:00:00+0000,402.8,403.3,399.7,400.0,101
2022-05-17T15:00:00+0000,399.3,400.1,397.9,398.7,157
2022-05-17T16:00:00+0000,398.1,399.4,396.8,399.0,54
2022-05-17T17:00:00+0000,398.7,401.1,398.5,400.3,140
2022-05-17T18:00:00+0000,400.6,401.0,399.3,400.1,47
2022-05-18T00:00:00+0000,399.9,401.1,398.6,398.6,26
2022-05-18T01:00:00+0000,399.0,399.0,397.8,397.9,5
2022-05-18T03:00:00+0000,396.8,396.8,396.4,396.4,3
2022-05-18T05:00:00+0000,397.8,397.8,397.7,397.7,4
2022-05-18T06:00:00+0000,397.8,397.8,397.7,397.8,3
2022-05-18T07:00:00+0000,397.9,398.3,397.9,398.3,2
2022-05-18T08:00:00+0000,398.9,398.9,398.9,398.9,2
2022-05-18T09:00:00+0000,398.9,399.2,398.8,398.8,46
2022-05-18T10:00:00+0000,399.1,399.1,399.1,399.1,1
2022-05-18T11:00:00+0000,398.5,399.4,398.5,398.7,15
2022-05-18T12:00:00+0000,398.8,399.5,398.7,399.3,6
2022-05-18T13:00:00+0000,399.7,402.5,398.9,401.5,383
2022-05-18T14:00:00+0000,401.6,402.2,397.9,398.8,167
2022-05-18T15:00:00+0000,398.4,398.4,395.0,397.1,122
2022-05-18T16:00:00+0000,396.6,398.0,395.5,395.5,152
2022-05-18T17:00:00+0000,395.6,398.1,395.6,397.4,137
2022-05-18T18:00:00+0000,397.9,399.4,397.4,399.1,70
2022-05-19T00:00:00+0000,399.1,399.8,398.9,399.8,6
2022-05-19T01:00:00+0000,400.2,400.3,400.2,400.2,11
2022-05-19T02:00:00+0000,400.2,400.5,400.2,400.5,2
2022-05-19T04:00:00+0000,400.5,400.5,400.5,400.5,2
2022-05-19T05:00:00+0000,399.5,399.5,399.3,399.5,3
2022-05-19T06:00:00+0000,399.5,399.7,399.5,399.7,7
2022-05-19T08:00:00+0000,400.0,400.2,398.8,398.8,8
2022-05-19T09:00:00+0000,398.2,398.2,397.9,397.9,12
2022-05-19T10:00:00+0000,397.8,399.3,397.5,399.3,12
2022-05-19T11:00:00+0000,400.0,401.9,400.0,400.5,66
2022-05-19T12:00:00+0000,400.7,401.6,400.7,401.5,11
2022-05-19T13:00:00+0000,401.0,407.3,400.9,406.9,287
2022-05-19T14:00:00+0000,406.7,408.5,406.0,407.6,144
2022-05-19T15:00:00+0000,407.8,410.1,407.8,408.9,110
2022-05-19T16:00:00+0000,409.6,410.2,409.0,410.1,137
2022-05-19T17:00:00+0000,410.3,411.0,409.4,409.5,118
2022-05-19T18:00:00+0000,409.6,409.7,407.3,408.1,83
2022-05-20T00:00:00+0000,408.3,409.0,408.3,408.3,8
2022-05-20T01:00:00+0000,407.4,407.4,407.4,407.4,3
2022-05-20T02:00:00+0000,406.9,407.0,406.9,407.0,2
2022-05-20T03:00:00+0000,406.0,406.0,406.0,406.0,3
2022-05-20T04:00:00+0000,406.7,407.3,406.7,407.3,3
2022-05-20T05:00:00+0000,407.7,408.1,407.1,407.2,6
2022-05-20T06:00:00+0000,407.8,407.8,407.8,407.8,1
2022-05-20T07:00:00+0000,408.5,408.5,407.2,407.2,16
2022-05-20T08:00:00+0000,407.4,407.9,407.3,407.7,5
2022-05-20T09:00:00+0000,407.3,407.3,406.9,406.9,13
2022-05-20T10:00:00+0000,405.6,405.6,405.0,405.0,12
2022-05-20T11:00:00+0000,404.9,405.6,404.7,405.6,20
2022-05-20T12:00:00+0000,405.4,405.8,404.8,405.8,36
2022-05-20T13:00:00+0000,405.5,409.2,405.5,408.3,238
2022-05-20T14:00:00+0000,408.4,410.9,408.1,410.5,166
2022-05-20T15:00:00+0000,409.3,410.7,408.1,408.7,107
2022-05-20T16:00:00+0000,408.8,409.9,408.3,409.9,60
2022-05-20T17:00:00+0000,410.0,410.6,409.2,409.6,164
2022-05-20T18:00:00+0000,409.5,410.3,409.2,410.1,55
2022-05-23T00:00:00+0000,410.8,411.4,410.8,411.3,15
2022-05-23T01:00:00+0000,411.5,411.5,411.5,411.5,1
2022-05-23T04:00:00+0000,409.9,409.9,409.9,409.9,1
2022-05-23T07:00:00+0000,409.6,409.8,408.7,409.8,15
2022-05-23T08:00:00+0000,410.1,410.1,408.3,408.6,36
2022-05-23T09:00:00+0000,408.1,408.1,408.1,408.1,1
2022-05-23T10:00:00+0000,408.2,408.2,407.9,407.9,12
2022-05-23T11:00:00+0000,407.8,407.8,407.1,407.1,3
2022-05-23T12:00:00+0000,406.8,408.4,406.6,408.4,13
2022-05-23T13:00:00+0000,408.2,408.2,404.1,404.3,118
2022-05-23T14:00:00+0000,404.6,407.2,404.5,406.2,88
2022-05-23T15:00:00+0000,405.5,406.6,404.9,406.1,47
2022-05-23T16:00:00+0000,405.3,407.9,405.0,407.8,65
2022-05-23T17:00:00+0000,407.8,407.8,405.5,405.9,46
2022-05-23T18:00:00+0000,405.9,406.3,405.3,405.5,56
2022-05-24T02:00:00+0000,405.0,405.0,405.0,405.0,1
2022-05-24T03:00:00+0000,404.5,404.5,404.4,404.4,2
2022-05-24T04:00:00+0000,404.0,404.0,404.0,404.0,1
2022-05-24T05:00:00+0000,403.9,403.9,403.9,403.9,1
2022-05-24T06:00:00+0000,403.5,403.5,403.5,403.5,1
2022-05-24T07:00:00+0000,403.7,404.1,403.7,404.0,6
2022-05-24T08:00:00+0000,404.7,405.3,404.3,405.3,19
2022-05-24T09:00:00+0000,405.5,406.3,405.5,405.7,28
2022-05-24T10:00:00+0000,405.9,406.2,405.9,406.2,3
2022-05-24T11:00:00+0000,405.6,405.7,405.1,405.1,4
2022-05-24T12:00:00+0000,405.5,405.8,404.6,405.8,29
2022-05-24T13:00:00+0000,405.6,406.4,404.1,404.6,88
2022-05-24T14:00:00+0000,404.4,405.2,403.7,405.0,150
2022-05-24T15:00:00+0000,404.8,405.4,403.6,405.1,98
2022-05-24T16:00:00+0000,405.0,406.1,404.2,405.4,85
2022-05-24T17:00:00+0000,405.0,407.8,405.0,407.5,82
2022-05-24T18:00:00+0000,407.5,408.3,406.9,407.4,104
2022-05-25T00:00:00+0000,408.0,408.0,407.8,407.8,8
2022-05-25T01:00:00+0000,408.1,410.3,408.1,409.8,56
2022-05-25T02:00:00+0000,410.0,410.3,410.0,410.1,17
2022-05-25T05:00:00+0000,409.1,409.1,409.1,409.1,2
2022-05-25T06:00:00+0000,409.2,409.2,408.8,408.8,3
2022-05-25T07:00:00+0000,410.2,410.2,407.4,407.4,35
2022-05-25T08:00:00+0000,407.1,407.6,405.8,407.6,46
2022-05-25T09:00:00+0000,406.5,407.2,406.1,406.1,5
2022-05-25T10:00:00+0000,406.2,406.2,405.0,405.0,5
2022-05-25T11:00:00+0000,405.0,405.0,403.6,403.7,38
2022-05-25T12:00:00+0000,403.7,404.0,402.8,404.0,20
2022-05-25T13:00:00+0000,403.7,404.0,401.4,402.1,113
2022-05-25T14:00:00+0000,402.5,403.5,401.7,403.2,161
2022-05-25T15:00:00+0000,403.8,403.9,401.8,402.1,166
2022-05-25T16:00:00+0000,401.9,403.4,401.8,403.1,72
2022-05-25T17:00:00+0000,403.0,405.4,402.7,405.4,68
2022-05-25T18:00:00+0000,406.3,407.0,405.9,406.0,66
2022-05-26T00:00:00+0000,406.0,406.0,404.5,406.0,26
2022-05-26T01:00:00+0000,404.6,405.0,404.6,404.7,19
2022-05-26T02:00:00+0000,404.8,404.8,404.8,404.8,1
2022-05-26T06:00:00+0000,405.8,406.1,405.6,405.9,7
2022-05-26T07:00:00+0000,406.2,406.3,406.2,406.2,6
2022-05-26T08:00:00+0000,405.7,405.8,405.2,405.2,4
2022-05-26T09:00:00+0000,405.2,405.3,405.1,405.3,7
2022-05-26T10:00:00+0000,404.4,404.7,404.0,404.7,12
2022-05-26T11:00:00+0000,404.6,404.6,404.6,404.6,2
2022-05-26T12:00:00+0000,403.6,403.9,403.6,403.8,10
2022-05-26T13:00:00+0000,403.9,409.7,403.9,409.1,182
2022-05-26T14:00:00+0000,409.4,411.8,408.0,409.7,188
2022-05-26T15:00:00+0000,410.9,412.6,410.7,412.4,172
2022-05-26T16:00:00+0000,412.1,412.4,411.2,412.4,113
2022-05-26T17:00:00+0000,410.9,412.1,410.9,410.9,164
2022-05-26T18:00:00+0000,411.1,411.4,411.0,411.4,40
2022-05-27T00:00:00+0000,409.2,410.6,409.2,410.2,7
2022-05-27T01:00:00+0000,408.5,408.5,408.5,408.5,1
2022-05-27T03:00:00+0000,409.3,409.3,409.3,409.3,1
2022-05-27T05:00:00+0000,409.1,409.1,409.1,409.1,2
2022-05-27T06:00:00+0000,409.7,409.7,409.3,409.3,4
2022-05-27T07:00:00+0000,409.1,410.2,409.0,409.5,22
2022-05-27T08:00:00+0000,410.0,410.3,410.0,410.2,4
2022-05-27T09:00:00+0000,410.1,410.9,410.0,410.8,5
2022-05-27T10:00:00+0000,410.6,410.6,409.8,409.8,15
2022-05-27T11:00:00+0000,409.4,409.4,409.0,409.2,6
2022-05-27T12:00:00+0000,409.1,409.4,408.5,409.4,11
2022-05-27T13:00:00+0000,409.5,411.7,408.6,411.0,57
2022-05-27T14:00:00+0000,410.9,412.7,410.9,411.8,72
2022-05-27T15:00:00+0000,411.1,416.4,411.1,414.7,255
2022-05-27T16:00:00+0000,415.4,415.6,414.7,415.5,102
2022-05-27T17:00:00+0000,414.7,415.4,413.9,414.1,113
2022-05-27T18:00:00+0000,414.1,415.0,413.4,414.3,75
2022-05-31T00:00:00+0000,415.4,415.4,415.2,415.2,6
2022-05-31T01:00:00+0000,416.0,416.0,415.5,415.5,8
2022-05-31T03:00:00+0000,416.1,416.1,416.1,416.1,5
2022-05-31T05:00:00+0000,416.7,416.7,416.7,416.7,2
2022-05-31T06:00:00+0000,416.9,417.4,416.9,417.4,2
2022-05-31T07:00:00+0000,416.6,416.8,416.4,416.8,5
2022-05-31T08:00:00+0000,416.4,416.5,416.0,416.1,24
2022-05-31T09:00:00+0000,416.9,416.9,416.9,416.9,3
2022-05-31T10:00:00+0000,416.6,416.6,415.4,415.4,26
2022-05-31T11:00:00+0000,415.3,415.7,414.6,414.6,8
2022-05-31T12:00:00+0000,414.5,415.2,414.4,415.2,9
2022-05-31T13:00:00+0000,415.9,418.2,414.3,414.6,129
2022-05-31T14:00:00+0000,414.4,415.1,406.4,406.6,484
2022-05-31T15:00:00+0000,406.3,406.5,401.6,403.1,227
2022-05-31T16:00:00+0000,403.4,404.5,401.6,401.6,136
2022-05-31T17:00:00+0000,402.8,403.5,399.8,400.4,180
2022-05-31T18:00:00+0000,400.3,402.9,399.2,402.2,116
2022-06-01T00:00:00+0000,402.3,402.3,400.1,401.5,16
2022-06-01T02:00:00+0000,404.2,404.2,404.2,404.2,2
2022-06-01T04:00:00+0000,404.0,404.0,403.1,403.6,8
2022-06-01T05:00:00+0000,402.9,402.9,402.9,402.9,10
2022-06-01T06:00:00+0000,403.9,403.9,403.9,403.9,2
2022-06-01T07:00:00+0000,404.4,404.6,404.3,404.6,21
2022-06-01T08:00:00+0000,404.3,404.6,404.3,404.6,2
2022-06-01T09:00:00+0000,404.5,405.0,404.5,405.0,9
2022-06-01T10:00:00+0000,404.4,405.8,404.3,405.8,5
2022-06-01T11:00:00+0000,405.8,405.8,404.9,404.9,6
2022-06-01T12:00:00+0000,405.0,405.1,403.8,403.8,13
2022-06-01T13:00:00+0000,404.0,406.1,402.3,404.3,200
2022-06-01T14:00:00+0000,404.1,405.2,398.1,398.8,373
2022-06-01T15:00:00+0000,398.8,398.9,395.9,398.1,241
2022-06-01T16:00:00+0000,397.8,399.0,397.0,397.3,515
2022-06-01T17:00:00+0000,397.1,399.3,397.1,398.1,372
2022-06-01T18:00:00+0000,398.4,398.4,396.2,396.6,198
2022-06-02T00:00:00+0000,397.1,397.1,395.8,395.8,10
2022-06-02T01:00:00+0000,395.4,395.6,395.3,395.3,8
2022-06-02T02:00:00+0000,395.4,397.8,395.4,397.8,13
2022-06-02T03:00:00+0000,397.9,398.4,397.5,397.5,7
2022-06-02T04:00:00+0000,397.1,397.1,396.8,396.8,2
2022-06-02T05:00:00+0000,396.8,396.8,396.8,396.8,1
2022-06-02T06:00:00+0000,397.1,397.1,396.7,397.0,4
2022-06-02T07:00:00+0000,397.8,397.8,397.8,397.8,1
2022-06-02T08:00:00+0000,398.0,399.0,398.0,399.0,30
2022-06-02T10:00:00+0000,397.8,397.8,397.8,397.8,1
2022-06-02T11:00:00+0000,399.6,400.7,399.6,399.7,36
2022-06-02T12:00:00+0000,399.5,400.5,398.4,398.5,19
2022-06-02T13:00:00+0000,398.4,399.2,396.6,398.8,279
2022-06-02T14:00:00+0000,398.9,400.5,398.8,398.9,235
2022-06-02T15:00:00+0000,398.4,399.8,398.4,398.5,63
2022-06-02T16:00:00+0000,398.1,399.8,398.1,399.5,137
2022-06-02T17:00:00+0000,399.4,399.4,397.5,397.9,312
2022-06-02T18:00:00+0000,398.2,398.2,396.3,397.1,97
2022-06-03T00:00:00+0000,396.5,397.3,396.5,397.3,12
2022-06-03T01:00:00+0000,396.4,396.4,396.4,396.4,1
2022-06-03T07:00:00+0000,396.1,396.1,396.0,396.0,5
2022-06-03T08:00:00+0000,396.6,396.6,395.7,395.7,3
2022-06-03T09:00:00+0000,395.7,395.7,395.0,395.5,83
2022-06-03T10:00:00+0000,396.0,396.1,395.8,395.8,7
2022-06-03T11:00:00+0000,395.9,396.7,395.9,396.7,7
2022-06-03T12:00:00+0000,395.9,395.9,393.7,393.7,26
2022-06-03T13:00:00+0000,394.3,397.6,393.1,397.6,335
2022-06-03T14:00:00+0000,396.9,397.3,394.0,394.1,208
2022-06-03T15:00:00+0000,393.3,393.7,390.3,391.1,247
2022-06-03T16:00:00+0000,391.4,391.8,390.2,390.4,148
2022-06-03T17:00:00+0000,390.4,391.2,390.2,391.1,186
2022-06-03T18:00:00+0000,391.2,391.2,388.9,388.9,344
2022-06-06T00:00:00+0000,390.6,392.3,390.2,392.3,40
2022-06-06T01:00:00+0000,391.9,393.4,391.4,391.4,8
2022-06-06T04:00:00+0000,390.9,390.9,390.9,390.9,1
2022-06-06T05:00:00+0000,391.3,391.3,391.0,391.0,3
2022-06-06T06:00:00+0000,391.0,391.0,390.7,390.7,4
2022-06-06T07:00:00+0000,390.8,390.9,390.6,390.6,4
2022-06-06T08:00:00+0000,391.6,392.6,391.5,392.6,39
2022-06-06T09:00:00+0000,393.4,393.5,393.4,393.5,5
2022-06-06T10:00:00+0000,393.0,393.2,393.0,393.2,5
2022-06-06T11:00:00+0000,392.2,392.2,392.0,392.0,5
2022-06-06T12:00:00+0000,392.9,392.9,391.0,391.0,10
2022-06-06T13:00:00+0000,391.9,393.0,390.0,390.1,95
2022-06-06T14:00:00+0000,390.3,391.0,389.3,389.9,144
2022-06-06T15:00:00+0000,390.1,391.1,389.4,390.0,122
2022-06-06T16:00:00+0000,390.3,390.3,389.1,389.2,32
2022-06-06T17:00:00+0000,389.4,390.8,389.4,390.6,58
2022-06-06T18:00:00+0000,390.4,391.8,389.9,391.2,45
2022-06-07T00:00:00+0000,390.9,390.9,390.4,390.4,4
2022-06-07T01:00:00+0000,390.1,390.3,390.1,390.3,3
2022-06-07T04:00:00+0000,390.0,390.0,390.0,390.0,2
2022-06-07T07:00:00+0000,390.2,390.2,389.8,389.8,3
2022-06-07T08:00:00+0000,389.8,390.0,389.8,390.0,4
2022-06-07T09:00:00+0000,389.7,389.7,389.7,389.7,1
2022-06-07T10:00:00+0000,390.1,390.1,390.1,390.1,1
2022-06-07T11:00:00+0000,390.3,390.6,390.3,390.6,6
2022-06-07T12:00:00+0000,390.7,392.1,390.2,392.1,52
2022-06-07T13:00:00+0000,391.4,394.5,390.4,392.6,188
2022-06-07T14:00:00+0000,392.5,394.3,391.1,393.2,226
2022-06-07T15:00:00+0000,393.5,396.5,393.3,395.6,121
2022-06-07T16:00:00+0000,397.0,398.1,396.5,397.4,217
2022-06-07T17:00:00+0000,397.5,398.5,396.2,397.0,162
2022-06-07T18:00:00+0000,396.9,398.0,395.8,395.8,125
2022-06-08T00:00:00+0000,395.2,396.5,395.2,396.0,11
2022-06-08T01:00:00+0000,396.3,396.3,396.3,396.3,1
2022-06-08T02:00:00+0000,397.9,397.9,397.8,397.9,4
2022-06-08T03:00:00+0000,397.9,398.0,397.9,398.0,3
2022-06-08T04:00:00+0000,398.3,398.5,398.3,398.4,14
2022-06-08T05:00:00+0000,398.4,398.6,398.3,398.3,6
2022-06-08T06:00:00+0000,398.2,398.9,398.0,398.1,109
2022-06-08T07:00:00+0000,397.8,397.9,397.5,397.9,14
2022-06-08T08:00:00+0000,397.8,398.2,397.8,398.1,6
2022-06-08T09:00:00+0000,397.7,397.9,397.4,397.4,15
2022-06-08T10:00:00+0000,397.6,398.3,397.5,398.1,36
2022-06-08T12:00:00+0000,398.8,399.3,398.1,398.4,147
2022-06-08T13:00:00+0000,399.3,400.6,397.4,399.6,192
2022-06-08T14:00:00+0000,399.6,400.4,398.7,399.6,185
2022-06-08T15:00:00+0000,400.0,400.0,397.2,397.2,155
2022-06-08T16:00:00+0000,396.9,396.9,394.6,395.1,153
2022-06-08T17:00:00+0000,395.1,395.4,394.0,394.5,130
2022-06-08T18:00:00+0000,394.3,396.2,393.5,394.9,145
2022-06-09T00:00:00+0000,395.2,395.7,393.7,393.7,51
2022-06-09T01:00:00+0000,393.4,394.3,393.4,394.3,6
2022-06-09T04:00:00+0000,394.9,395.5,394.9,395.5,2
2022-06-09T05:00:00+0000,395.6,395.6,395.6,395.6,5
2022-06-09T06:00:00+0000,394.1,394.4,394.1,394.3,5
2022-06-09T07:00:00+0000,395.1,395.1,395.1,395.1,1
2022-06-09T08:00:00+0000,395.4,395.4,395.4,395.4,1
2022-06-09T09:00:00+0000,395.3,395.9,395.3,395.7,5
2022-06-09T10:00:00+0000,394.8,394.8,394.3,394.3,17
2022-06-09T11:00:00+0000,395.5,395.5,395.4,395.4,4
2022-06-09T12:00:00+0000,395.5,395.9,394.7,395.4,24
2022-06-09T13:00:00+0000,396.1,398.0,395.1,398.0,131
2022-06-09T14:00:00+0000,397.3,401.9,397.3,400.2,312
2022-06-09T15:00:00+0000,400.4,401.3,399.0,400.0,219
2022-06-09T16:00:00+0000,400.8,401.3,398.3,400.1,73
2022-06-09T17:00:00+0000,400.2,401.7,400.1,401.2,94
2022-06-09T18:00:00+0000,401.0,401.5,400.5,400.8,84
2022-06-10T00:00:00+0000,400.7,400.9,399.2,399.2,12
2022-06-10T02:00:00+0000,400.3,400.3,400.3,400.3,1
2022-06-10T03:00:00+0000,400.4,400.4,400.4,400.4,1
2022-06-10T04:00:00+0000,400.0,400.0,400.0,400.0,1
2022-06-10T05:00:00+0000,400.7,400.7,400.7,400.7,1
2022-06-10T06:00:00+0000,401.2,401.2,401.2,401.2,2
2022-06-10T07:00:00+0000,399.6,399.6,399.6,399.6,2
2022-06-10T08:00:00+0000,400.7,400.7,399.9,399.9,3
2022-06-10T09:00:00+0000,400.0,400.4,399.8,399.9,10
2022-06-10T10:00:00+0000,399.8,399.8,399.3,399.3,11
2022-06-10T11:00:00+0000,400.1,400.3,399.9,400.3,12
2022-06-10T12:00:00+0000,401.4,402.3,401.3,401.7,14
2022-06-10T13:00:00+0000,402.0,402.2,399.4,400.2,208
2022-06-10T14:00:00+0000,400.8,401.9,399.2,400.8,275
2022-06-10T15:00:00+0000,400.2,401.4,398.8,401.1,185
2022-06-10T16:00:00+0000,402.2,404.7,400.7,401.9,262
2022-06-10T17:00:00+0000,401.8,401.8,400.8,400.8,140
2022-06-10T18:00:00+0000,400.7,402.5,400.4,402.5,47
2022-06-13T00:00:00+0000,403.0,403.0,399.9,399.9,10
2022-06-13T02:00:00+0000,399.7,399.7,399.7,399.7,1
2022-06-13T05:00:00+0000,399.0,399.0,399.0,399.0,1
2022-06-13T06:00:00+0000,397.8,397.8,396.6,397.4,10
2022-06-13T08:00:00+0000,397.5,397.9,396.9,397.9,9
2022-06-13T09:00:00+0000,397.9,397.9,396.8,396.8,11
2022-06-13T10:00:00+0000,397.1,397.1,397.1,397.1,1
2022-06-13T12:00:00+0000,396.9,397.5,396.2,396.5,28
2022-06-13T13:00:00+0000,397.6,397.6,393.7,394.2,186
2022-06-13T14:00:00+0000,394.1,396.1,391.0,392.4,204
2022-06-13T15:00:00+0000,392.2,393.0,391.1,392.5,263
2022-06-13T16:00:00+0000,392.4,393.0,391.6,392.4,77
2022-06-13T17:00:00+0000,392.1,392.6,391.9,392.4,69
2022-06-13T18:00:00+0000,392.4,393.1,391.8,392.3,135
2022-06-14T00:00:00+0000,391.5,392.7,390.6,392.7,22
2022-06-14T01:00:00+0000,392.9,393.8,392.9,393.4,21
2022-06-14T05:00:00+0000,392.5,392.5,392.5,392.5,1
2022-06-14T06:00:00+0000,393.4,393.4,393.3,393.3,2
2022-06-14T07:00:00+0000,393.7,394.0,393.1,394.0,4
2022-06-14T08:00:00+0000,394.1,394.3,393.8,394.3,9
2022-06-14T09:00:00+0000,393.9,394.1,393.4,393.7,23
2022-06-14T10:00:00+0000,393.0,393.9,392.9,393.8,32
2022-06-14T11:00:00+0000,393.9,394.0,393.9,394.0,9
2022-06-14T12:00:00+0000,393.3,394.6,392.9,394.2,46
2022-06-14T13:00:00+0000,394.3,396.1,393.5,394.0,168
2022-06-14T14:00:00+0000,393.7,394.4,390.7,391.4,227
2022-06-14T15:00:00+0000,391.8,391.8,389.6,389.6,130
2022-06-14T16:00:00+0000,389.3,390.8,389.1,390.0,170
2022-06-14T17:00:00+0000,389.9,390.8,388.6,389.1,124
2022-06-14T18:00:00+0000,388.8,389.9,388.7,388.8,69
2022-06-15T00:00:00+0000,388.8,389.4,388.3,388.5,30
2022-06-15T01:00:00+0000,389.6,389.6,389.5,389.5,3
2022-06-15T02:00:00+0000,390.3,390.3,390.3,390.3,1
2022-06-15T03:00:00+0000,390.8,390.8,390.1,390.1,2
2022-06-15T06:00:00+0000,390.0,390.2,389.9,390.2,11
2022-06-15T07:00:00+0000,391.0,391.3,390.8,391.3,30
2022-06-15T08:00:00+0000,391.3,392.4,391.1,392.4,50
2022-06-15T09:00:00+0000,391.6,391.6,390.7,391.0,31
2022-06-15T10:00:00+0000,391.0,391.2,389.6,390.1,247
2022-06-15T11:00:00+0000,390.5,390.9,390.4,390.4,9
2022-06-15T12:00:00+0000,390.4,390.9,390.0,390.0,5
2022-06-15T13:00:00+0000,390.0,391.9,387.4,391.1,359
2022-06-15T14:00:00+0000,391.0,393.3,389.5,392.9,388
2022-06-15T15:00:00+0000,392.8,393.8,390.4,390.4,151
2022-06-15T16:00:00+0000,390.3,391.1,390.0,390.4,102
2022-06-15T17:00:00+0000,390.4,391.4,390.4,390.9,188
2022-06-15T18:00:00+0000,391.0,391.0,389.1,390.0,231
2022-06-16T02:00:00+0000,390.9,390.9,390.8,390.8,2
2022-06-16T03:00:00+0000,391.0,391.0,391.0,391.0,1
2022-06-16T05:00:00+0000,390.4,390.4,390.0,390.0,2
2022-06-16T06:00:00+0000,389.9,390.0,389.9,390.0,2
2022-06-16T07:00:00+0000,391.1,391.2,391.1,391.2,3
2022-06-16T08:00:00+0000,391.5,391.9,391.3,391.3,10
2022-06-16T09:00:00+0000,391.4,391.4,388.8,388.8,31
2022-06-16T10:00:00+0000,388.8,389.0,387.9,389.0,10
2022-06-16T11:00:00+0000,389.6,391.7,389.2,391.7,13
2022-06-16T12:00:00+0000,391.9,392.5,391.3,392.5,63
2022-06-16T13:00:00+0000,392.3,397.3,392.0,394.7,391
2022-06-16T14:00:00+0000,394.5,397.1,394.2,395.0,393
2022-06-16T15:00:00+0000,395.0,398.8,395.0,398.5,117
2022-06-16T16:00:00+0000,398.6,399.5,398.0,399.1,151
2022-06-16T17:00:00+0000,399.1,401.8,399.0,400.3,190
2022-06-16T18:00:00+0000,400.4,400.6,398.4,398.4,119
2022-06-17T00:00:00+0000,399.0,399.0,397.1,397.1,15
2022-06-17T01:00:00+0000,397.0,399.3,397.0,399.3,7
2022-06-17T02:00:00+0000,398.9,399.0,398.8,398.8,3
2022-06-17T03:00:00+0000,398.5,399.1,398.5,399.0,22
2022-06-17T04:00:00+0000,398.9,399.1,398.0,398.0,36
2022-06-17T05:00:00+0000,398.5,399.0,398.0,398.2,16
2022-06-17T06:00:00+0000,397.3,397.5,396.9,397.5,21
2022-06-17T07:00:00+0000,398.2,400.1,398.2,400.1,75
2022-06-17T08:00:00+0000,399.8,400.6,399.1,399.4,71
2022-06-17T09:00:00+0000,399.3,400.1,399.2,399.9,24
2022-06-17T10:00:00+0000,399.3,400.5,398.9,400.2,46
2022-06-17T11:00:00+0000,399.6,399.7,399.5,399.7,29
2022-06-17T12:00:00+0000,400.1,400.8,399.3,400.2,17
2022-06-17T13:00:00+0000,400.2,404.9,399.4,404.6,371
2022-06-17T14:00:00+0000,404.6,408.4,403.7,406.1,304
2022-06-17T15:00:00+0000,405.9,408.1,405.5,407.5,132
2022-06-17T16:00:00+0000,406.7,408.5,406.7,407.5,294
2022-06-17T17:00:00+0000,407.5,408.1,404.7,405.5,504
2022-06-17T18:00:00+0000,405.5,406.6,404.7,405.7,353
2022-06-21T00:00:00+0000,405.5,406.5,396.7,397.0,130
2022-06-21T01:00:00+0000,396.3,400.4,396.3,400.3,83
2022-06-21T02:00:00+0000,401.2,401.7,399.9,399.9,10
2022-06-21T03:00:00+0000,400.0,400.0,398.9,399.0,3
2022-06-21T04:00:00+0000,399.0,399.0,398.6,398.8,20
2022-06-21T05:00:00+0000,398.7,400.1,398.7,400.1,35
2022-06-21T06:00:00+0000,400.4,400.4,399.6,400.2,24
2022-06-21T07:00:00+0000,400.0,400.3,398.8,399.5,116
2022-06-21T08:00:00+0000,399.4,401.2,399.4,400.6,72
2022-06-21T09:00:00+0000,400.6,400.8,400.1,400.1,45
2022-06-21T10:00:00+0000,400.3,400.3,399.5,399.5,12
2022-06-21T11:00:00+0000,400.5,400.8,398.6,398.7,18
2022-06-21T12:00:00+0000,399.9,400.4,399.4,399.6,32
2022-06-21T13:00:00+0000,400.0,403.6,399.0,402.7,192
2022-06-21T14:00:00+0000,403.0,405.6,398.3,404.4,318
2022-06-21T15:00:00+0000,403.8,405.6,402.3,402.9,126
2022-06-21T16:00:00+0000,402.7,402.7,398.5,398.5,92
2022-06-21T17:00:00+0000,398.2,399.3,397.8,399.3,135
2022-06-21T18:00:00+0000,399.4,401.6,399.2,401.6,93
2022-06-22T00:00:00+0000,401.4,401.4,398.6,398.9,24
2022-06-22T01:00:00+0000,398.8,398.8,397.3,397.6,11
2022-06-22T02:00:00+0000,397.2,397.8,397.2,397.3,13
2022-06-22T03:00:00+0000,397.3,397.3,396.1,396.2,24
2022-06-22T04:00:00+0000,396.4,396.4,396.1,396.1,2
2022-06-22T05:00:00+0000,396.1,396.2,395.5,395.6,29
2022-06-22T06:00:00+0000,395.9,397.4,395.9,396.7,100
2022-06-22T07:00:00+0000,396.4,396.8,395.5,396.8,45
2022-06-22T08:00:00+0000,396.7,397.0,396.3,397.0,24
2022-06-22T09:00:00+0000,396.7,398.3,396.7,398.3,20
2022-06-22T10:00:00+0000,398.8,399.4,397.3,398.3,42
2022-06-22T11:00:00+0000,398.4,398.8,398.3,398.6,28
2022-06-22T12:00:00+0000,397.7,398.6,397.7,398.5,24
2022-06-22T13:00:00+0000,398.6,401.8,397.2,400.1,409
2022-06-22T14:00:00+0000,399.9,400.7,397.5,399.3,191
2022-06-22T15:00:00+0000,399.2,400.4,397.8,398.6,57
2022-06-22T16:00:00+0000,398.7,399.1,396.1,396.1,277
2022-06-22T17:00:00+0000,396.3,398.4,395.7,398.1,178
2022-06-22T18:00:00+0000,398.1,399.0,397.4,397.4,169
2022-06-23T00:00:00+0000,397.9,397.9,394.4,395.1,85
2022-06-23T01:00:00+0000,393.4,393.4,389.4,389.5,83
2022-06-23T02:00:00+0000,388.4,389.2,387.9,389.2,28
2022-06-23T03:00:00+0000,389.0,389.0,388.0,388.3,27
2022-06-23T04:00:00+0000,388.2,388.9,387.8,388.7,33
2022-06-23T05:00:00+0000,388.9,389.1,387.8,387.8,13
2022-06-23T06:00:00+0000,387.8,388.9,387.0,388.8,65
2022-06-23T07:00:00+0000,388.4,388.4,387.8,387.8,7
2022-06-23T08:00:00+0000,387.9,388.4,386.5,386.8,19
2022-06-23T09:00:00+0000,387.0,387.0,386.7,386.9,8
2022-06-23T10:00:00+0000,387.0,388.1,386.8,386.8,47
2022-06-23T11:00:00+0000,387.0,388.4,386.7,387.4,34
2022-06-23T12:00:00+0000,388.1,389.2,387.7,388.0,61
2022-06-23T13:00:00+0000,387.5,388.9,385.8,387.1,372
2022-06-23T14:00:00+0000,387.1,387.8,381.4,382.3,656
2022-06-23T15:00:00+0000,382.5,386.9,382.4,384.4,259
2022-06-23T16:00:00+0000,385.4,388.0,384.7,386.7,235
2022-06-23T17:00:00+0000,386.5,387.3,385.5,385.5,244
2022-06-23T18:00:00+0000,385.5,387.3,385.4,385.7,344
2022-06-24T00:00:00+0000,385.7,388.0,385.4,387.5,14
2022-06-24T01:00:00+0000,386.1,386.6,385.5,385.5,9
2022-06-24T02:00:00+0000,385.0,385.0,383.4,383.4,7
2022-06-24T03:00:00+0000,384.3,384.3,383.4,383.4,3
2022-06-24T04:00:00+0000,384.4,384.9,384.4,384.9,7
2022-06-24T05:00:00+0000,384.4,385.4,383.9,385.1,6
2022-06-24T06:00:00+0000,384.9,385.1,384.5,385.1,12
2022-06-24T07:00:00+0000,385.1,385.5,384.6,385.4,32
2022-06-24T08:00:00+0000,385.5,387.0,385.2,387.0,22
2022-06-24T09:00:00+0000,387.1,388.0,386.7,387.7,31
2022-06-24T10:00:00+0000,387.6,388.7,387.6,387.9,28
2022-06-24T11:00:00+0000,388.1,388.5,387.9,388.5,10
2022-06-24T12:00:00+0000,388.6,389.6,388.1,389.1,59
2022-06-24T13:00:00+0000,392.4,392.4,385.8,385.8,132
2022-06-24T14:00:00+0000,386.1,390.7,386.1,389.3,339
2022-06-24T15:00:00+0000,389.3,392.5,389.1,391.0,227
2022-06-24T16:00:00+0000,390.5,390.8,389.7,390.7,118
2022-06-24T17:00:00+0000,390.5,390.6,389.0,389.1,240
2022-06-24T18:00:00+0000,389.2,390.4,388.5,390.1,291
2022-06-27T00:00:00+0000,386.8,388.6,385.4,388.6,55
2022-06-27T01:00:00+0000,389.4,389.4,388.8,389.2,9
2022-06-27T02:00:00+0000,390.0,390.3,389.7,390.3,8
2022-06-27T03:00:00+0000,390.4,390.4,390.4,390.4,2
2022-06-27T04:00:00+0000,390.0,390.3,390.0,390.3,3
2022-06-27T05:00:00+0000,390.5,390.5,390.4,390.4,3
2022-06-27T06:00:00+0000,390.2,390.6,390.2,390.5,11
2022-06-27T07:00:00+0000,390.4,391.2,390.4,390.8,45
2022-06-27T08:00:00+0000,390.4,392.7,390.4,392.4,25
2022-06-27T09:00:00+0000,392.4,392.4,391.1,391.7,86
2022-06-27T10:00:00+0000,391.5,393.2,391.3,392.6,38
2022-06-27T11:00:00+0000,391.7,392.0,390.8,390.9,16
2022-06-27T12:00:00+0000,390.6,392.6,390.6,391.7,100
2022-06-27T13:00:00+0000,392.2,392.2,386.1,387.6,334
2022-06-27T14:00:00+0000,388.1,394.0,388.1,392.9,245
2022-06-27T15:00:00+0000,392.9,393.4,390.7,391.5,159
2022-06-27T16:00:00+0000,391.7,394.6,391.6,394.6,245
2022-06-27T17:00:00+0000,394.4,394.4,391.3,391.4,227
2022-06-27T18:00:00+0000,391.5,393.0,391.5,391.5,199
2022-06-28T00:00:00+0000,392.1,393.4,390.5,393.4,18
2022-06-28T01:00:00+0000,392.7,392.7,392.7,392.7,1
2022-06-28T02:00:00+0000,393.0,393.2,392.9,393.2,3
2022-06-28T03:00:00+0000,393.9,394.0,393.9,394.0,3
2022-06-28T05:00:00+0000,394.6,394.9,394.6,394.9,5
2022-06-28T06:00:00+0000,394.8,395.2,394.8,395.2,13
2022-06-28T07:00:00+0000,394.6,394.7,394.0,394.0,12
2022-06-28T08:00:00+0000,394.2,394.4,394.2,394.4,3
2022-06-28T09:00:00+0000,394.8,394.9,394.4,394.5,5
2022-06-28T10:00:00+0000,394.4,394.4,392.8,392.9,23
2022-06-28T11:00:00+0000,392.6,392.6,391.5,391.9,23
2022-06-28T12:00:00+0000,391.8,392.5,391.3,392.5,141
2022-06-28T13:00:00+0000,392.7,399.9,392.7,398.5,412
2022-06-28T14:00:00+0000,398.8,402.7,398.6,400.8,371
2022-06-28T15:00:00+0000,401.4,402.5,397.7,398.0,211
2022-06-28T16:00:00+0000,397.8,400.4,397.5,398.5,99
2022-06-28T17:00:00+0000,398.3,399.1,397.1,399.1,181
2022-06-28T18:00:00+0000,399.1,399.2,398.0,399.0,165
2022-06-29T00:00:00+0000,398.7,401.2,398.7,400.0,59
2022-06-29T01:00:00+0000,399.1,399.6,399.1,399.6,2
2022-06-29T02:00:00+0000,399.6,399.7,399.6,399.7,10
2022-06-29T03:00:00+0000,399.1,399.2,399.0,399.2,5
2022-06-29T04:00:00+0000,399.3,399.4,398.8,399.0,28
2022-06-29T05:00:00+0000,399.2,399.6,398.8,399.6,17
2022-06-29T06:00:00+0000,400.0,400.8,399.3,400.8,11
2022-06-29T07:00:00+0000,400.4,400.5,400.4,400.5,5
2022-06-29T08:00:00+0000,401.0,402.6,401.0,402.6,6
2022-06-29T09:00:00+0000,403.2,404.3,403.0,404.3,19
2022-06-29T10:00:00+0000,403.7,403.7,402.5,402.8,35
2022-06-29T11:00:00+0000,403.3,404.2,403.3,403.5,48
2022-06-29T12:00:00+0000,403.5,403.5,402.6,402.7,180
2022-06-29T13:00:00+0000,402.4,403.0,399.3,400.1,223
2022-06-29T14:00:00+0000,400.2,400.6,398.9,399.7,589
2022-06-29T15:00:00+0000,399.8,402.2,399.8,402.0,250
2022-06-29T16:00:00+0000,401.7,403.4,401.2,402.4,386
2022-06-29T17:00:00+0000,402.3,404.6,401.5,404.4,604
2022-06-29T18:00:00+0000,404.3,406.2,404.0,405.3,632
2022-06-30T00:00:00+0000,404.7,406.3,404.1,405.8,26
2022-06-30T01:00:00+0000,404.6,404.6,403.1,403.8,21
2022-06-30T02:00:00+0000,403.9,404.6,403.7,403.7,14
2022-06-30T03:00:00+0000,403.9,403.9,403.5,403.5,11
2022-06-30T04:00:00+0000,403.9,404.7,403.9,404.6,20
2022-06-30T05:00:00+0000,404.6,404.6,404.3,404.4,8
2022-06-30T06:00:00+0000,404.0,404.7,403.5,404.2,12
2022-06-30T07:00:00+0000,403.5,404.3,403.4,404.0,28
2022-06-30T08:00:00+0000,404.1,404.1,403.2,403.3,24
2022-06-30T09:00:00+0000,402.6,402.7,402.6,402.7,9
2022-06-30T10:00:00+0000,402.7,403.0,402.4,403.0,21
2022-06-30T11:00:00+0000,403.3,404.0,402.2,402.2,56
2022-06-30T12:00:00+0000,402.2,402.6,401.4,401.4,112
2022-06-30T13:00:00+0000,401.6,402.9,400.1,401.5,188
2022-06-30T14:00:00+0000,401.5,401.8,400.0,401.8,283
2022-06-30T15:00:00+0000,401.6,405.0,400.3,405.0,285
2022-06-30T16:00:00+0000,406.0,416.7,403.7,412.5,1150
2022-06-30T17:00:00+0000,412.3,412.3,409.6,410.6,460
2022-06-30T18:00:00+0000,410.9,410.9,404.7,405.5,659
2022-07-01T00:00:00+0000,406.2,407.0,405.3,405.9,29
2022-07-01T01:00:00+0000,405.1,405.4,401.4,402.1,30
2022-07-01T02:00:00+0000,401.6,402.4,401.6,402.1,32
2022-07-01T03:00:00+0000,402.4,402.4,401.8,401.8,7
2022-07-01T04:00:00+0000,402.0,402.4,402.0,402.4,4
2022-07-01T05:00:00+0000,402.0,402.1,400.7,401.1,32
2022-07-01T06:00:00+0000,401.1,402.8,401.1,402.2,11
2022-07-01T07:00:00+0000,402.0,402.7,401.7,402.7,30
2022-07-01T08:00:00+0000,402.5,403.7,402.5,403.7,8
2022-07-01T09:00:00+0000,403.8,404.7,403.3,404.7,32
2022-07-01T10:00:00+0000,404.4,405.2,404.2,404.2,8
2022-07-01T11:00:00+0000,403.8,404.7,403.8,404.7,5
2022-07-01T12:00:00+0000,403.4,403.5,400.7,400.7,77
2022-07-01T13:00:00+0000,400.2,400.3,393.2,394.1,853
2022-07-01T14:00:00+0000,394.4,397.4,390.0,390.6,968
2022-07-01T15:00:00+0000,390.7,391.6,388.0,388.9,533
2022-07-01T16:00:00+0000,388.7,390.8,387.5,388.5,522
2022-07-01T17:00:00+0000,388.8,390.1,387.3,389.2,707
2022-07-01T18:00:00+0000,388.9,390.4,387.5,389.4,291
2022-07-05T13:00:00+0000,387.5,387.5,379.1,381.4,1657
2022-07-05T14:00:00+0000,381.2,385.7,380.2,383.1,706
2022-07-05T15:00:00+0000,382.0,382.1,378.9,378.9,272
2022-07-05T16:00:00+0000,378.6,379.3,375.0,375.1,654
2022-07-05T17:00:00+0000,375.2,378.1,374.8,377.5,339
2022-07-05T18:00:00+0000,377.7,378.6,375.8,378.5,352
2022-07-06T00:00:00+0000,378.9,381.8,378.9,381.0,108
2022-07-06T01:00:00+0000,381.0,381.3,380.4,380.4,9
2022-07-06T02:00:00+0000,380.5,380.9,379.4,379.4,32
2022-07-06T03:00:00+0000,378.8,378.8,378.6,378.8,11
2022-07-06T04:00:00+0000,380.0,380.0,378.9,378.9,11
2022-07-06T05:00:00+0000,378.6,380.8,378.1,378.3,53
2022-07-06T06:00:00+0000,378.7,381.3,378.7,381.2,40
2022-07-06T07:00:00+0000,380.9,382.2,380.6,382.2,76
2022-07-06T08:00:00+0000,382.4,382.4,381.6,382.2,10
2022-07-06T09:00:00+0000,382.1,382.3,380.3,380.6,35
2022-07-06T10:00:00+0000,380.6,381.1,380.4,381.1,11
2022-07-06T11:00:00+0000,380.8,381.9,380.2,381.3,126
2022-07-06T12:00:00+0000,381.3,382.4,381.0,381.8,254
2022-07-06T13:00:00+0000,382.3,384.9,378.4,379.6,623
2022-07-06T14:00:00+0000,380.3,380.6,376.4,376.5,573
2022-07-06T15:00:00+0000,376.5,379.5,376.1,378.2,327
2022-07-06T16:00:00+0000,378.5,379.7,377.2,379.0,146
2022-07-06T17:00:00+0000,378.8,381.1,378.8,380.2,219
2022-07-06T18:00:00+0000,380.2,381.4,378.9,379.2,316
2022-07-07T00:00:00+0000,379.3,384.7,379.3,383.9,121
2022-07-07T01:00:00+0000,383.7,383.7,380.4,381.7,51
2022-07-07T02:00:00+0000,382.2,383.1,381.9,383.1,5
2022-07-07T03:00:00+0000,385.1,386.1,385.1,385.6,22
2022-07-07T04:00:00+0000,385.6,385.7,385.4,385.7,5
2022-07-07T05:00:00+0000,385.5,386.1,385.0,385.2,19
2022-07-07T06:00:00+0000,384.5,384.8,383.9,384.2,28
2022-07-07T07:00:00+0000,384.1,385.7,384.1,385.6,23
2022-07-07T08:00:00+0000,385.8,386.6,385.6,385.8,35
2022-07-07T09:00:00+0000,386.4,389.0,386.4,388.8,61
2022-07-07T10:00:00+0000,388.6,388.6,387.7,387.9,56
2022-07-07T11:00:00+0000,388.0,388.4,388.0,388.4,13
2022-07-07T12:00:00+0000,388.5,388.5,387.1,387.3,77
2022-07-07T13:00:00+0000,387.6,392.3,385.0,390.1,427
2022-07-07T14:00:00+0000,390.0,391.0,387.2,389.7,341
2022-07-07T15:00:00+0000,389.9,389.9,385.6,388.8,224
2022-07-07T16:00:00+0000,388.9,390.2,387.9,389.7,97
2022-07-07T17:00:00+0000,389.7,391.9,388.7,391.8,193
2022-07-07T18:00:00+0000,392.1,393.3,390.3,390.8,414
2022-07-08T00:00:00+0000,391.7,394.0,390.5,394.0,62
2022-07-08T01:00:00+0000,393.0,393.6,391.9,392.1,8
2022-07-08T02:00:00+0000,392.4,393.0,392.3,392.5,15
2022-07-08T03:00:00+0000,392.3,392.5,391.6,391.6,14
2022-07-08T04:00:00+0000,391.9,391.9,391.9,391.9,1
2022-07-08T05:00:00+0000,390.9,391.4,390.9,391.4,4
2022-07-08T06:00:00+0000,391.1,391.1,391.0,391.1,5
2022-07-08T07:00:00+0000,390.8,391.6,390.1,390.3,24
2022-07-08T08:00:00+0000,390.0,390.0,388.3,388.9,31
2022-07-08T09:00:00+0000,389.5,389.8,388.5,389.8,19
2022-07-08T10:00:00+0000,389.0,389.4,389.0,389.4,15
2022-07-08T11:00:00+0000,389.1,390.3,389.1,390.0,43
2022-07-08T12:00:00+0000,390.4,391.4,390.0,390.5,51
2022-07-08T13:00:00+0000,392.2,395.6,392.2,395.2,225
2022-07-08T14:00:00+0000,395.4,397.4,394.6,396.7,300
2022-07-08T15:00:00+0000,396.3,400.4,396.3,400.2,174
2022-07-08T16:00:00+0000,399.5,401.6,398.8,400.8,111
2022-07-08T17:00:00+0000,400.2,403.8,400.0,402.4,160
2022-07-08T18:00:00+0000,402.6,404.1,402.0,403.1,317
2022-07-11T00:00:00+0000,406.4,412.0,406.4,407.4,232
2022-07-11T01:00:00+0000,407.5,407.5,405.6,405.7,17
2022-07-11T02:00:00+0000,406.7,406.7,406.7,406.7,1
2022-07-11T04:00:00+0000,405.9,406.4,405.4,406.0,13
2022-07-11T05:00:00+0000,405.8,405.9,405.8,405.9,3
2022-07-11T06:00:00+0000,405.4,408.3,405.4,408.3,143
2022-07-11T07:00:00+0000,408.4,408.5,407.0,407.0,82
2022-07-11T08:00:00+0000,407.0,408.0,407.0,407.8,17
2022-07-11T09:00:00+0000,407.0,409.3,407.0,409.1,8
2022-07-11T10:00:00+0000,408.8,408.8,407.0,407.0,30
2022-07-11T11:00:00+0000,407.0,408.2,406.5,406.5,23
2022-07-11T12:00:00+0000,406.1,406.1,404.3,405.8,99
2022-07-11T13:00:00+0000,406.6,407.0,401.5,404.2,170
2022-07-11T14:00:00+0000,403.7,405.3,402.7,404.4,258
2022-07-11T15:00:00+0000,404.1,407.3,403.9,407.1,135
2022-07-11T16:00:00+0000,407.1,407.1,401.6,403.3,271
2022-07-11T17:00:00+0000,403.3,404.0,401.3,401.8,124
2022-07-11T18:00:00+0000,401.7,401.8,399.3,399.6,204
2022-07-12T00:00:00+0000,401.0,402.5,400.4,400.4,65
2022-07-12T01:00:00+0000,399.7,403.7,399.6,403.4,65
2022-07-12T02:00:00+0000,403.0,403.5,403.0,403.3,8
2022-07-12T05:00:00+0000,402.4,402.4,402.4,402.4,1
2022-07-12T06:00:00+0000,401.7,401.7,401.3,401.3,11
2022-07-12T07:00:00+0000,400.9,400.9,399.7,399.7,11
2022-07-12T08:00:00+0000,399.5,399.7,397.5,397.5,49
2022-07-12T09:00:00+0000,397.3,397.5,396.2,396.2,62
2022-07-12T10:00:00+0000,396.8,397.2,396.1,396.1,9
2022-07-12T11:00:00+0000,395.7,397.2,394.7,396.8,42
2022-07-12T12:00:00+0000,396.6,398.4,396.0,396.3,73
2022-07-12T13:00:00+0000,396.2,398.1,394.1,396.4,175
2022-07-12T14:00:00+0000,396.2,396.3,393.8,395.9,202
2022-07-12T15:00:00+0000,395.6,396.3,393.4,395.5,345
2022-07-12T16:00:00+0000,393.0,395.5,388.6,389.3,462
2022-07-12T17:00:00+0000,389.6,390.5,388.9,389.5,136
2022-07-12T18:00:00+0000,389.6,390.0,388.8,389.1,245
2022-07-13T00:00:00+0000,389.0,389.0,387.3,388.2,27
2022-07-13T01:00:00+0000,388.4,388.6,387.3,387.9,20
2022-07-13T02:00:00+0000,387.9,388.6,387.8,388.3,17
2022-07-13T03:00:00+0000,388.7,388.9,388.2,388.7,11
2022-07-13T04:00:00+0000,388.7,388.8,388.7,388.8,5
2022-07-13T05:00:00+0000,388.1,388.4,387.4,387.9,20
2022-07-13T06:00:00+0000,387.6,390.9,387.6,390.4,27
2022-07-13T07:00:00+0000,390.0,391.3,389.6,391.0,48
2022-07-13T08:00:00+0000,390.8,390.9,390.0,390.5,38
2022-07-13T09:00:00+0000,390.6,390.7,389.8,389.8,35
2022-07-13T10:00:00+0000,390.2,390.3,388.2,388.7,107
2022-07-13T11:00:00+0000,388.7,391.7,388.7,390.2,39
2022-07-13T12:00:00+0000,391.0,391.8,388.0,391.0,162
2022-07-13T13:00:00+0000,391.1,394.9,390.3,393.8,194
2022-07-13T14:00:00+0000,394.3,401.3,394.3,400.1,313
2022-07-13T15:00:00+0000,400.0,400.4,397.9,400.2,268
2022-07-13T16:00:00+0000,400.6,404.2,400.0,402.0,208
2022-07-13T17:00:00+0000,401.8,402.8,400.7,402.1,499
2022-07-13T18:00:00+0000,402.2,402.7,400.9,401.4,389
2022-07-14T00:00:00+0000,401.6,403.7,399.7,400.0,46
2022-07-14T01:00:00+0000,400.1,400.7,400.1,400.7,7
2022-07-14T02:00:00+0000,402.1,403.2,402.1,402.6,11
2022-07-14T03:00:00+0000,403.2,403.2,403.2,403.2,1
2022-07-14T04:00:00+0000,403.3,403.3,403.3,403.3,1
2022-07-14T05:00:00+0000,403.3,403.3,402.0,402.0,14
2022-07-14T06:00:00+0000,402.3,402.3,402.3,402.3,2
2022-07-14T07:00:00+0000,402.4,403.6,401.8,403.0,85
2022-07-14T08:00:00+0000,402.7,403.9,401.1,401.1,56
2022-07-14T09:00:00+0000,400.4,400.7,399.5,400.2,75
2022-07-14T10:00:00+0000,399.7,399.7,398.5,398.9,50
2022-07-14T11:00:00+0000,398.7,399.3,398.1,398.5,112
2022-07-14T12:00:00+0000,398.3,399.6,398.0,399.3,50
2022-07-14T13:00:00+0000,398.6,400.0,394.0,399.7,252
2022-07-14T14:00:00+0000,399.7,402.0,398.0,400.4,291
2022-07-14T15:00:00+0000,400.6,406.1,399.3,406.1,428
2022-07-14T16:00:00+0000,406.3,407.8,403.2,405.0,209
2022-07-14T17:00:00+0000,404.7,404.7,401.1,401.3,163
2022-07-14T18:00:00+0000,401.6,402.3,401.2,401.7,160
2022-07-15T00:00:00+0000,402.7,402.7,402.5,402.5,4
2022-07-15T01:00:00+0000,401.5,401.5,401.5,401.5,2
2022-07-15T02:00:00+0000,403.1,404.2,403.1,403.2,13
2022-07-15T04:00:00+0000,403.3,403.7,403.2,403.7,11
2022-07-15T05:00:00+0000,403.4,404.5,403.0,404.2,15
2022-07-15T06:00:00+0000,404.0,404.2,401.9,402.1,28
2022-07-15T07:00:00+0000,401.6,401.6,399.1,399.1,76
2022-07-15T08:00:00+0000,399.6,399.8,398.7,399.4,20
2022-07-15T09:00:00+0000,400.4,402.3,400.4,402.0,83
2022-07-15T10:00:00+0000,401.4,403.3,401.4,402.3,24
2022-07-15T11:00:00+0000,401.9,401.9,399.5,399.6,74
2022-07-15T12:00:00+0000,399.6,400.2,398.4,400.1,56
2022-07-15T13:00:00+0000,399.6,401.2,395.9,396.5,330
2022-07-15T14:00:00+0000,396.4,396.7,393.5,394.1,323
2022-07-15T15:00:00+0000,393.8,394.1,391.3,391.5,443
2022-07-15T16:00:00+0000,391.7,391.7,389.0,389.4,400
2022-07-15T17:00:00+0000,388.8,391.7,388.4,391.5,483
2022-07-15T18:00:00+0000,391.3,391.8,390.9,391.5,206
2022-07-18T00:00:00+0000,393.0,393.0,389.6,390.9,45
2022-07-18T01:00:00+0000,392.5,393.6,392.5,393.5,13
2022-07-18T02:00:00+0000,393.3,394.3,393.3,394.3,5
2022-07-18T03:00:00+0000,394.6,394.6,394.1,394.5,5
2022-07-18T04:00:00+0000,394.5,394.5,394.5,394.5,4
2022-07-18T05:00:00+0000,394.9,396.0,394.9,395.7,30
2022-07-18T06:00:00+0000,395.5,396.0,395.4,395.5,19
2022-07-18T07:00:00+0000,395.2,395.7,395.1,395.1,28
2022-07-18T08:00:00+0000,394.8,394.9,393.8,394.6,38
2022-07-18T09:00:00+0000,394.2,394.7,394.1,394.2,59
2022-07-18T10:00:00+0000,394.0,394.0,393.6,393.9,18
2022-07-18T11:00:00+0000,394.3,395.2,394.3,395.2,106
2022-07-18T12:00:00+0000,395.2,396.7,395.2,396.0,80
2022-07-18T13:00:00+0000,395.4,400.2,394.3,398.4,247
2022-07-18T14:00:00+0000,399.0,399.4,395.6,396.9,570
2022-07-18T15:00:00+0000,397.5,399.0,396.2,399.0,94
2022-07-18T16:00:00+0000,399.2,399.3,396.1,396.2,119
2022-07-18T17:00:00+0000,395.9,396.5,395.3,396.1,155
2022-07-18T18:00:00+0000,395.6,396.8,395.5,396.5,180
2022-07-19T00:00:00+0000,396.6,396.6,395.0,395.0,17
2022-07-19T01:00:00+0000,395.7,395.9,395.7,395.8,10
2022-07-19T02:00:00+0000,395.2,395.2,395.2,395.2,4
2022-07-19T03:00:00+0000,395.9,395.9,395.4,395.4,8
2022-07-19T04:00:00+0000,395.4,395.9,395.4,395.9,6
2022-07-19T06:00:00+0000,394.9,395.8,394.9,395.0,33
2022-07-19T07:00:00+0000,395.8,396.2,394.3,394.3,30
2022-07-19T08:00:00+0000,394.4,394.7,393.9,394.1,8
2022-07-19T09:00:00+0000,393.7,394.4,392.7,392.7,28
2022-07-19T10:00:00+0000,393.1,393.8,391.5,392.1,45
2022-07-19T11:00:00+0000,392.7,393.9,392.4,393.9,18
2022-07-19T12:00:00+0000,393.8,396.0,393.8,394.6,95
2022-07-19T13:00:00+0000,393.0,394.3,389.8,389.9,371
2022-07-19T14:00:00+0000,389.8,391.7,387.9,391.6,570
2022-07-19T15:00:00+0000,391.7,395.6,391.7,394.1,243
2022-07-19T16:00:00+0000,394.2,395.3,392.9,395.0,212
2022-07-19T17:00:00+0000,395.0,395.6,392.5,392.6,209
2022-07-19T18:00:00+0000,392.6,393.9,392.4,393.9,144
2022-07-20T00:00:00+0000,392.9,392.9,390.7,390.7,25
2022-07-20T01:00:00+0000,389.9,389.9,388.0,388.2,45
2022-07-20T02:00:00+0000,388.0,388.1,388.0,388.1,6
2022-07-20T03:00:00+0000,388.4,388.4,388.4,388.4,1
2022-07-20T04:00:00+0000,388.2,388.3,387.7,387.7,14
2022-07-20T05:00:00+0000,388.3,388.3,387.5,387.5,12
2022-07-20T06:00:00+0000,387.8,388.6,387.8,388.6,9
2022-07-20T07:00:00+0000,388.3,388.3,387.2,387.3,49
2022-07-20T08:00:00+0000,387.5,388.9,387.5,388.9,54
2022-07-20T09:00:00+0000,388.9,389.5,388.7,389.4,83
2022-07-20T10:00:00+0000,389.3,389.6,388.4,389.6,66
2022-07-20T11:00:00+0000,389.9,390.1,388.5,388.5,72
2022-07-20T12:00:00+0000,388.4,389.5,388.3,388.6,179
2022-07-20T13:00:00+0000,388.1,388.6,386.8,388.0,295
2022-07-20T14:00:00+0000,387.9,392.2,387.4,391.9,374
2022-07-20T15:00:00+0000,391.9,393.1,390.7,392.4,338
2022-07-20T16:00:00+0000,392.9,393.8,391.0,391.0,130
2022-07-20T17:00:00+0000,391.3,393.0,391.3,392.1,305
2022-07-20T18:00:00+0000,392.2,393.4,391.3,393.4,122
2022-07-21T00:00:00+0000,392.9,393.1,392.0,392.8,64
2022-07-21T01:00:00+0000,392.3,393.2,391.7,392.8,33
2022-07-21T02:00:00+0000,392.5,392.8,391.1,391.6,12
2022-07-21T03:00:00+0000,391.7,391.7,391.7,391.7,1
2022-07-21T04:00:00+0000,392.1,392.2,392.1,392.2,2
2022-07-21T05:00:00+0000,392.5,393.9,392.5,393.9,4
2022-07-21T06:00:00+0000,393.7,394.3,393.5,394.0,26
2022-07-21T07:00:00+0000,393.8,393.9,392.9,393.2,23
2022-07-21T08:00:00+0000,392.8,392.9,391.4,391.4,70
2022-07-21T09:00:00+0000,391.3,392.6,391.2,391.9,35
2022-07-21T10:00:00+0000,392.0,392.3,390.4,390.4,26
2022-07-21T11:00:00+0000,390.8,391.8,390.4,390.4,60
2022-07-21T12:00:00+0000,390.2,391.0,389.4,391.0,100
2022-07-21T13:00:00+0000,390.7,392.2,388.2,390.2,131
2022-07-21T14:00:00+0000,389.6,389.7,387.9,388.9,223
2022-07-21T15:00:00+0000,388.7,390.4,388.7,390.4,152
2022-07-21T16:00:00+0000,390.3,390.9,387.4,387.4,120
2022-07-21T17:00:00+0000,387.7,388.3,386.7,386.7,349
2022-07-21T18:00:00+0000,386.7,387.5,385.7,386.9,256
2022-07-22T00:00:00+0000,386.9,387.0,384.0,384.0,88
2022-07-22T01:00:00+0000,383.8,385.1,383.7,385.1,7
2022-07-22T02:00:00+0000,385.6,385.9,385.6,385.7,16
2022-07-22T03:00:00+0000,384.6,384.7,384.6,384.7,2
2022-07-22T04:00:00+0000,384.6,385.2,384.5,385.2,10
2022-07-22T05:00:00+0000,384.7,384.7,384.5,384.5,7
2022-07-22T06:00:00+0000,384.3,385.5,384.3,385.5,11
2022-07-22T07:00:00+0000,385.1,385.1,383.5,383.5,12
2022-07-22T08:00:00+0000,383.4,383.4,382.6,383.4,37
2022-07-22T09:00:00+0000,383.2,383.7,382.5,383.3,70
2022-07-22T10:00:00+0000,383.3,384.1,382.7,384.1,74
2022-07-22T11:00:00+0000,383.1,383.3,382.7,383.1,11
2022-07-22T12:00:00+0000,382.9,384.5,382.7,384.3,97
2022-07-22T13:00:00+0000,384.4,385.3,382.2,384.6,255
2022-07-22T14:00:00+0000,384.8,388.2,384.8,387.4,329
2022-07-22T15:00:00+0000,387.7,388.9,383.6,385.3,296
2022-07-22T16:00:00+0000,385.9,386.3,384.3,384.5,130
2022-07-22T17:00:00+0000,384.7,384.9,383.4,384.0,314
2022-07-22T18:00:00+0000,384.2,384.4,383.0,383.4,281
2022-07-25T00:00:00+0000,387.7,388.4,385.2,385.2,113
2022-07-25T01:00:00+0000,385.1,385.1,384.5,384.5,5
2022-07-25T02:00:00+0000,385.0,385.0,384.2,384.5,13
2022-07-25T03:00:00+0000,384.0,384.0,383.9,383.9,2
2022-07-25T04:00:00+0000,384.6,384.6,384.6,384.6,4
2022-07-25T05:00:00+0000,383.7,383.9,383.5,383.9,4
2022-07-25T06:00:00+0000,384.0,384.7,383.9,384.3,6
2022-07-25T07:00:00+0000,384.6,385.5,384.6,385.5,7
2022-07-25T08:00:00+0000,385.8,387.0,385.8,386.5,46
2022-07-25T09:00:00+0000,386.4,387.0,386.3,387.0,18
2022-07-25T10:00:00+0000,386.7,387.4,386.2,387.2,25
2022-07-25T11:00:00+0000,387.4,388.7,387.4,388.7,40
2022-07-25T12:00:00+0000,388.5,389.6,388.5,388.8,73
2022-07-25T13:00:00+0000,388.7,391.4,388.7,388.8,225
2022-07-25T14:00:00+0000,388.9,391.2,388.2,390.5,381
2022-07-25T15:00:00+0000,390.6,398.0,390.4,397.4,551
2022-07-25T16:00:00+0000,397.4,399.9,396.9,399.5,295
2022-07-25T17:00:00+0000,399.5,401.5,398.9,400.8,323
2022-07-25T18:00:00+0000,400.4,400.8,399.5,400.4,695
2022-07-26T00:00:00+0000,401.2,405.7,401.2,404.3,95
2022-07-26T01:00:00+0000,404.3,405.1,404.0,404.0,38
2022-07-26T02:00:00+0000,404.6,404.6,404.5,404.6,3
2022-07-26T03:00:00+0000,404.5,404.5,404.0,404.0,10
2022-07-26T04:00:00+0000,404.2,404.3,404.2,404.2,4
2022-07-26T05:00:00+0000,404.4,404.6,404.0,404.0,10
2022-07-26T06:00:00+0000,404.3,404.9,404.2,404.9,18
2022-07-26T07:00:00+0000,404.4,404.8,404.4,404.6,7
2022-07-26T08:00:00+0000,404.6,404.7,404.6,404.7,4
2022-07-26T09:00:00+0000,404.9,405.0,404.4,404.7,26
2022-07-26T10:00:00+0000,404.7,404.7,404.3,404.6,21
2022-07-26T11:00:00+0000,405.2,405.5,405.2,405.5,20
2022-07-26T12:00:00+0000,405.2,406.0,404.7,405.9,106
2022-07-26T13:00:00+0000,405.4,408.3,404.3,407.4,347
2022-07-26T14:00:00+0000,407.4,408.8,406.4,407.4,268
2022-07-26T15:00:00+0000,407.6,409.4,405.9,409.4,305
2022-07-26T16:00:00+0000,409.7,417.1,409.7,417.1,1086
2022-07-26T17:00:00+0000,417.1,420.8,415.4,418.6,1223
2022-07-26T18:00:00+0000,418.8,419.7,417.8,418.5,492
2022-07-27T00:00:00+0000,418.5,419.7,418.5,419.5,57
2022-07-27T01:00:00+0000,419.2,419.2,415.9,416.0,75
2022-07-27T02:00:00+0000,415.8,418.1,415.4,418.0,19
2022-07-27T03:00:00+0000,417.9,418.7,417.8,418.6,17
2022-07-27T04:00:00+0000,418.5,419.2,418.4,419.0,36
2022-07-27T05:00:00+0000,419.2,419.5,418.4,418.5,97
2022-07-27T06:00:00+0000,418.5,418.5,416.6,416.9,44
2022-07-27T07:00:00+0000,417.1,417.4,416.5,417.1,19
2022-07-27T08:00:00+0000,417.7,418.1,417.0,417.2,62
2022-07-27T09:00:00+0000,417.0,417.1,415.9,416.8,51
2022-07-27T10:00:00+0000,417.2,419.5,417.2,418.5,53
2022-07-27T11:00:00+0000,418.3,419.3,418.3,418.5,33
2022-07-27T12:00:00+0000,418.3,419.0,417.2,418.6,52
2022-07-27T13:00:00+0000,419.0,431.2,418.7,429.2,942
2022-07-27T14:00:00+0000,429.3,432.4,425.7,427.2,1326
2022-07-27T15:00:00+0000,427.1,428.1,424.4,426.3,501
2022-07-27T16:00:00+0000,425.9,429.0,425.9,427.2,467
2022-07-27T17:00:00+0000,427.6,428.9,424.9,427.5,612
2022-07-27T18:00:00+0000,427.2,428.4,426.4,427.6,406
2022-07-28T00:00:00+0000,427.4,429.4,424.0,429.1,110
2022-07-28T01:00:00+0000,429.5,430.3,429.0,429.4,20
2022-07-28T02:00:00+0000,428.3,428.3,428.1,428.1,13
2022-07-28T03:00:00+0000,427.9,428.0,427.3,427.3,39
2022-07-28T04:00:00+0000,427.2,427.9,427.1,427.6,22
2022-07-28T05:00:00+0000,427.7,428.1,426.6,428.1,48
2022-07-28T06:00:00+0000,428.2,428.6,428.1,428.1,39
2022-07-28T07:00:00+0000,427.5,427.5,424.5,424.5,97
2022-07-28T08:00:00+0000,425.5,425.5,423.3,423.3,22
2022-07-28T09:00:00+0000,423.1,424.1,422.9,423.4,49
2022-07-28T10:00:00+0000,423.5,423.5,421.4,421.4,59
2022-07-28T11:00:00+0000,421.7,421.9,420.9,421.4,154
2022-07-28T12:00:00+0000,421.1,423.4,421.1,422.0,189
2022-07-28T13:00:00+0000,423.1,428.3,422.8,424.7,485
2022-07-28T14:00:00+0000,424.5,425.7,420.3,420.6,494
2022-07-28T15:00:00+0000,420.4,421.5,418.3,420.2,772
2022-07-28T16:00:00+0000,420.4,421.0,419.4,419.7,100
2022-07-28T17:00:00+0000,420.5,422.2,419.4,421.8,558
2022-07-28T18:00:00+0000,422.0,422.9,420.7,420.7,430
2022-07-29T00:00:00+0000,420.7,422.3,420.1,422.1,186
2022-07-29T01:00:00+0000,421.8,424.8,421.5,423.8,132
2022-07-29T02:00:00+0000,423.2,423.2,421.7,422.0,27
2022-07-29T03:00:00+0000,422.5,422.5,421.6,422.0,36
2022-07-29T04:00:00+0000,422.1,422.6,422.1,422.6,7
2022-07-29T05:00:00+0000,422.5,423.1,422.0,423.1,32
2022-07-29T06:00:00+0000,422.7,424.0,422.7,423.9,18
2022-07-29T07:00:00+0000,424.1,424.2,422.1,423.5,123
2022-07-29T08:00:00+0000,423.8,424.4,423.2,423.6,67
2022-07-29T09:00:00+0000,423.5,425.5,423.5,425.0,68
2022-07-29T10:00:00+0000,425.1,425.8,424.4,425.0,133
2022-07-29T11:00:00+0000,425.0,426.0,424.5,425.6,107
2022-07-29T12:00:00+0000,425.4,427.6,425.1,425.8,163
2022-07-29T13:00:00+0000,426.9,433.8,426.9,431.6,780
2022-07-29T14:00:00+0000,431.3,433.8,429.6,429.6,755
2022-07-29T15:00:00+0000,429.6,430.0,428.0,428.7,389
2022-07-29T16:00:00+0000,428.7,428.9,424.3,424.3,714
2022-07-29T17:00:00+0000,424.3,424.6,418.8,419.3,1070
2022-07-29T18:00:00+0000,419.6,422.1,418.4,422.0,649
2022-08-01T00:00:00+0000,422.4,423.6,420.3,420.3,200
2022-08-01T01:00:00+0000,420.3,420.3,416.9,417.2,185
2022-08-01T02:00:00+0000,417.3,417.7,417.1,417.7,14
2022-08-01T03:00:00+0000,416.9,416.9,414.5,415.9,114
2022-08-01T04:00:00+0000,415.3,416.3,415.3,415.6,21
2022-08-01T05:00:00+0000,415.6,415.6,414.1,415.2,58
2022-08-01T06:00:00+0000,414.6,417.5,414.4,416.7,73
2022-08-01T07:00:00+0000,415.9,417.3,415.8,416.8,86
2022-08-01T08:00:00+0000,417.0,417.3,415.1,415.1,42
2022-08-01T09:00:00+0000,415.1,415.2,414.1,414.4,43
2022-08-01T10:00:00+0000,414.6,416.0,414.2,414.9,108
2022-08-01T11:00:00+0000,414.6,415.7,411.9,412.1,213
2022-08-01T12:00:00+0000,411.9,412.6,410.8,411.0,235
2022-08-01T13:00:00+0000,414.6,414.6,400.2,401.1,1572
2022-08-01T14:00:00+0000,401.3,405.7,399.9,403.8,1317
2022-08-01T15:00:00+0000,404.1,404.1,399.4,400.6,363
2022-08-01T16:00:00+0000,400.7,404.7,400.4,401.8,332
2022-08-01T17:00:00+0000,401.7,402.5,400.9,401.1,254
2022-08-01T18:00:00+0000,401.1,404.5,400.9,404.5,383
2022-08-02T00:00:00+0000,403.8,403.8,399.6,402.6,692
2022-08-02T01:00:00+0000,404.1,405.4,403.9,405.0,15
2022-08-02T02:00:00+0000,405.4,405.8,404.5,404.7,7
2022-08-02T03:00:00+0000,404.7,406.0,404.7,405.6,14
2022-08-02T04:00:00+0000,405.2,405.4,404.5,404.5,27
2022-08-02T05:00:00+0000,404.6,404.9,404.0,404.5,53
2022-08-02T06:00:00+0000,404.5,406.3,403.8,406.3,81
2022-08-02T07:00:00+0000,406.4,406.6,404.9,405.6,69
2022-08-02T08:00:00+0000,405.3,405.3,404.2,404.6,297
2022-08-02T09:00:00+0000,405.0,406.8,404.5,406.8,155
2022-08-02T10:00:00+0000,406.5,406.8,405.6,405.7,39
2022-08-02T11:00:00+0000,405.9,406.7,405.8,406.4,128
2022-08-02T12:00:00+0000,405.9,406.1,403.9,403.9,256
2022-08-02T13:00:00+0000,404.9,409.5,404.4,408.8,639
2022-08-02T14:00:00+0000,408.9,409.9,404.4,407.5,504
2022-08-02T15:00:00+0000,407.6,408.6,404.1,407.8,399
2022-08-02T16:00:00+0000,407.8,409.6,407.5,409.2,390
2022-08-02T17:00:00+0000,409.4,409.7,407.0,407.0,395
2022-08-02T18:00:00+0000,407.0,407.0,404.9,405.5,383
2022-08-03T00:00:00+0000,405.5,406.9,404.1,406.0,93
2022-08-03T01:00:00+0000,406.0,409.0,406.0,409.0,31
2022-08-03T02:00:00+0000,408.9,409.5,408.6,408.6,5
2022-08-03T03:00:00+0000,408.4,408.5,408.4,408.5,2
2022-08-03T04:00:00+0000,408.9,408.9,408.5,408.8,16
2022-08-03T05:00:00+0000,408.7,408.7,408.6,408.6,4
2022-08-03T06:00:00+0000,409.7,410.2,408.5,408.5,58
2022-08-03T07:00:00+0000,408.5,408.5,406.1,406.1,116
2022-08-03T08:00:00+0000,405.8,405.8,404.6,405.0,96
2022-08-03T09:00:00+0000,405.0,405.2,404.3,404.3,33
2022-08-03T10:00:00+0000,404.0,404.3,403.4,404.3,52
2022-08-03T11:00:00+0000,404.3,404.6,404.0,404.3,76
2022-08-03T12:00:00+0000,404.5,405.5,403.4,405.2,70
2022-08-03T13:00:00+0000,405.5,406.3,400.4,402.3,1052
2022-08-03T14:00:00+0000,401.7,402.1,399.5,399.9,678
2022-08-03T15:00:00+0000,399.5,402.7,399.3,402.3,467
2022-08-03T16:00:00+0000,402.5,402.5,398.0,398.7,660
2022-08-03T17:00:00+0000,399.2,400.5,398.7,400.2,310
2022-08-03T18:00:00+0000,399.9,401.6,399.3,401.2,499
2022-08-04T00:00:00+0000,400.8,401.7,400.8,401.0,53
2022-08-04T01:00:00+0000,400.9,401.1,400.6,400.6,9
2022-08-04T02:00:00+0000,400.2,400.3,400.2,400.3,3
2022-08-04T03:00:00+0000,401.1,401.1,400.0,400.0,10
2022-08-04T04:00:00+0000,400.7,401.1,400.7,400.7,56
2022-08-04T05:00:00+0000,400.8,400.9,400.2,400.2,20
2022-08-04T06:00:00+0000,400.3,401.8,400.1,401.4,47
2022-08-04T07:00:00+0000,401.3,403.4,401.2,403.4,112
2022-08-04T08:00:00+0000,403.3,403.9,402.9,403.7,49
2022-08-04T09:00:00+0000,403.6,403.6,402.0,402.2,136
2022-08-04T10:00:00+0000,402.2,403.1,402.2,403.1,24
2022-08-04T11:00:00+0000,403.1,405.0,402.5,405.0,109
2022-08-04T12:00:00+0000,405.0,409.4,405.0,407.7,337
2022-08-04T13:00:00+0000,406.7,415.4,405.8,414.7,667
2022-08-04T14:00:00+0000,414.6,418.4,414.1,417.7,627
2022-08-04T15:00:00+0000,417.6,422.5,417.6,420.6,841
2022-08-04T16:00:00+0000,420.5,423.5,420.3,422.8,794
2022-08-04T17:00:00+0000,423.0,425.4,423.0,424.2,743
2022-08-04T18:00:00+0000,424.0,424.6,423.0,423.2,662
2022-08-05T00:00:00+0000,422.3,424.5,421.7,421.7,148
2022-08-05T01:00:00+0000,421.3,422.0,420.5,421.6,56
2022-08-05T02:00:00+0000,421.5,422.9,421.4,422.8,41
2022-08-05T03:00:00+0000,422.5,422.7,422.5,422.6,6
2022-08-05T04:00:00+0000,422.5,423.0,422.4,422.9,35
2022-08-05T05:00:00+0000,422.8,423.3,422.5,423.3,31
2022-08-05T06:00:00+0000,422.8,424.1,422.6,423.6,46
2022-08-05T07:00:00+0000,422.7,422.7,421.5,421.5,53
2022-08-05T08:00:00+0000,421.3,421.5,420.3,420.7,103
2022-08-05T09:00:00+0000,420.5,420.9,419.9,420.2,73
2022-08-05T10:00:00+0000,420.1,420.5,419.2,419.7,96
2022-08-05T11:00:00+0000,420.2,420.8,419.9,420.5,92
2022-08-05T12:00:00+0000,421.0,422.2,418.3,419.4,296
2022-08-05T13:00:00+0000,419.9,420.0,412.9,413.9,959
2022-08-05T14:00:00+0000,413.5,414.2,410.0,412.6,861
2022-08-05T15:00:00+0000,412.4,412.4,407.1,407.8,581
2022-08-05T16:00:00+0000,407.8,410.6,407.4,410.2,659
2022-08-05T17:00:00+0000,410.2,410.2,408.2,408.7,228
2022-08-05T18:00:00+0000,408.6,408.7,406.9,408.0,367
2022-08-08T00:00:00+0000,405.8,406.0,400.0,405.8,438
2022-08-08T01:00:00+0000,405.6,407.5,405.1,407.4,128
2022-08-08T02:00:00+0000,407.5,407.7,407.0,407.0,33
2022-08-08T03:00:00+0000,406.2,406.7,406.2,406.7,4
2022-08-08T04:00:00+0000,406.7,407.0,406.7,406.9,12
2022-08-08T05:00:00+0000,406.8,407.1,406.6,407.0,27
2022-08-08T06:00:00+0000,407.4,408.1,406.6,407.8,70
2022-08-08T07:00:00+0000,407.5,407.6,405.3,406.5,55
2022-08-08T08:00:00+0000,406.6,407.0,404.6,406.4,225
2022-08-08T09:00:00+0000,406.2,407.4,405.0,405.5,45
2022-08-08T10:00:00+0000,405.0,405.9,404.9,405.7,24
2022-08-08T11:00:00+0000,405.2,405.9,402.9,403.1,153
2022-08-08T12:00:00+0000,403.3,404.2,401.9,402.7,224
2022-08-08T13:00:00+0000,402.6,406.1,402.1,404.4,481
2022-08-08T14:00:00+0000,404.5,406.2,403.5,405.0,758
2022-08-08T15:00:00+0000,405.2,405.5,403.2,403.6,836
2022-08-08T16:00:00+0000,403.6,404.5,401.8,402.5,231
2022-08-08T17:00:00+0000,402.9,403.7,402.4,403.4,214
2022-08-08T18:00:00+0000,403.4,404.3,401.3,403.3,297
2022-08-09T00:00:00+0000,405.5,406.8,405.2,405.5,216
2022-08-09T01:00:00+0000,406.6,407.6,406.2,407.4,24
2022-08-09T02:00:00+0000,406.5,406.5,406.4,406.4,2
2022-08-09T04:00:00+0000,407.0,407.5,407.0,407.4,29
2022-08-09T05:00:00+0000,407.1,407.5,406.5,407.1,37
2022-08-09T06:00:00+0000,407.5,407.9,406.9,407.1,11
2022-08-09T07:00:00+0000,406.3,407.7,405.5,407.5,111
2022-08-09T08:00:00+0000,407.7,407.8,407.1,407.4,45
2022-08-09T09:00:00+0000,407.6,409.8,407.6,409.5,256
2022-08-09T10:00:00+0000,409.5,410.0,409.2,409.7,99
2022-08-09T11:00:00+0000,409.8,412.3,409.5,411.8,167
2022-08-09T12:00:00+0000,411.6,411.8,410.6,411.4,98
2022-08-09T13:00:00+0000,411.5,415.0,410.5,412.6,699
2022-08-09T14:00:00+0000,412.9,416.0,411.6,412.6,703
2022-08-09T15:00:00+0000,412.6,417.9,412.6,417.1,764
2022-08-09T16:00:00+0000,416.7,419.1,416.6,418.9,300
2022-08-09T17:00:00+0000,418.9,418.9,415.4,416.1,420
2022-08-09T18:00:00+0000,416.1,416.2,413.5,413.6,441
2022-08-10T00:00:00+0000,414.0,415.6,414.0,414.8,22
2022-08-10T01:00:00+0000,414.5,414.9,413.8,414.9,45
2022-08-10T02:00:00+0000,414.9,415.9,414.9,415.2,29
2022-08-10T03:00:00+0000,414.9,414.9,414.7,414.7,4
2022-08-10T04:00:00+0000,415.0,415.9,415.0,415.9,12
2022-08-10T05:00:00+0000,416.3,416.4,415.4,415.5,19
2022-08-10T06:00:00+0000,414.8,415.9,414.7,415.8,23
2022-08-10T07:00:00+0000,416.0,416.7,415.6,416.5,74
2022-08-10T08:00:00+0000,416.8,418.0,416.5,417.9,60
2022-08-10T09:00:00+0000,417.5,421.3,417.4,420.3,106
2022-08-10T10:00:00+0000,419.7,421.0,419.3,419.5,54
2022-08-10T11:00:00+0000,419.4,421.4,418.5,421.4,92
2022-08-10T12:00:00+0000,421.0,424.3,420.7,423.0,337
2022-08-10T13:00:00+0000,423.4,428.8,423.4,426.5,993
2022-08-10T14:00:00+0000,426.7,428.9,425.3,428.0,564
2022-08-10T15:00:00+0000,428.1,428.4,422.7,423.9,551
2022-08-10T16:00:00+0000,423.9,424.1,415.8,417.0,535
2022-08-10T17:00:00+0000,416.9,416.9,411.0,411.5,706
2022-08-10T18:00:00+0000,411.3,413.6,411.0,413.2,582
2022-08-11T00:00:00+0000,413.9,414.5,412.0,412.5,94
2022-08-11T01:00:00+0000,414.5,415.9,414.4,415.1,58
2022-08-11T02:00:00+0000,415.1,415.1,413.4,413.6,78
2022-08-11T03:00:00+0000,413.4,413.4,412.7,413.0,41
2022-08-11T04:00:00+0000,413.2,413.4,412.1,412.1,25
2022-08-11T05:00:00+0000,412.0,412.8,411.7,412.5,18
2022-08-11T06:00:00+0000,413.3,414.7,413.3,414.3,75
2022-08-11T07:00:00+0000,413.7,416.7,413.5,416.7,173
2022-08-11T08:00:00+0000,416.9,416.9,415.9,416.1,66
2022-08-11T09:00:00+0000,416.0,418.0,415.8,417.5,183
2022-08-11T10:00:00+0000,417.4,418.0,416.3,417.8,111
2022-08-11T11:00:00+0000,417.5,419.5,417.5,419.1,234
2022-08-11T12:00:00+0000,418.9,419.0,417.0,418.0,382
2022-08-11T13:00:00+0000,419.0,421.7,418.1,418.3,955
2022-08-11T14:00:00+0000,418.5,421.4,418.4,420.7,709
2022-08-11T15:00:00+0000,420.5,420.5,416.0,418.5,487
2022-08-11T16:00:00+0000,418.3,419.9,416.1,418.7,390
2022-08-11T17:00:00+0000,418.7,418.9,416.1,416.5,295
2022-08-11T18:00:00+0000,416.6,418.6,416.0,418.6,462
2022-08-12T00:00:00+0000,418.2,418.6,415.2,416.1,395
2022-08-12T01:00:00+0000,416.4,418.2,416.3,418.2,54
2022-08-12T02:00:00+0000,417.9,419.0,417.9,418.8,20
2022-08-12T03:00:00+0000,418.5,419.2,418.4,419.2,25
2022-08-12T04:00:00+0000,419.2,419.2,418.5,418.5,30
2022-08-12T05:00:00+0000,418.4,418.9,418.2,418.6,30
2022-08-12T06:00:00+0000,418.8,419.5,418.7,418.8,48
2022-08-12T07:00:00+0000,419.2,419.9,418.8,419.8,140
2022-08-12T08:00:00+0000,419.3,419.6,418.8,418.8,93
2022-08-12T09:00:00+0000,418.9,419.7,417.4,417.8,114
2022-08-12T10:00:00+0000,417.6,417.6,415.9,416.3,131
2022-08-12T11:00:00+0000,416.3,417.5,416.2,417.5,86
2022-08-12T12:00:00+0000,417.8,419.0,417.2,418.1,202
2022-08-12T13:00:00+0000,417.3,424.5,417.3,423.2,1090
2022-08-12T14:00:00+0000,423.2,424.0,421.5,423.6,722
2022-08-12T15:00:00+0000,423.9,427.4,423.8,426.0,1004
2022-08-12T16:00:00+0000,425.1,425.1,413.2,419.8,1460
2022-08-12T17:00:00+0000,419.8,421.9,418.4,421.0,501
2022-08-12T18:00:00+0000,421.0,424.0,420.9,423.0,521
2022-08-15T00:00:00+0000,421.9,421.9,417.5,421.5,181
2022-08-15T01:00:00+0000,421.8,421.8,417.7,419.5,90
2022-08-15T02:00:00+0000,419.3,419.3,416.1,416.6,84
2022-08-15T03:00:00+0000,417.3,417.3,416.5,416.5,18
2022-08-15T04:00:00+0000,416.7,416.7,416.7,416.7,2
2022-08-15T05:00:00+0000,416.8,416.9,416.0,416.6,36
2022-08-15T06:00:00+0000,416.6,416.9,415.0,416.0,76
2022-08-15T07:00:00+0000,415.7,415.7,414.5,415.2,131
2022-08-15T08:00:00+0000,414.8,415.0,412.8,413.2,324
2022-08-15T09:00:00+0000,413.3,414.2,412.9,413.6,139
2022-08-15T10:00:00+0000,413.5,414.4,413.2,413.8,39
2022-08-15T11:00:00+0000,414.7,416.7,413.8,416.6,199
2022-08-15T12:00:00+0000,416.3,416.4,414.7,415.4,143
2022-08-15T13:00:00+0000,415.2,415.3,405.7,409.6,1727
2022-08-15T14:00:00+0000,409.3,409.7,405.9,406.9,1674
2022-08-15T15:00:00+0000,407.0,408.3,406.5,408.1,1081
2022-08-15T16:00:00+0000,408.2,411.7,408.2,409.7,891
2022-08-15T17:00:00+0000,409.8,410.1,409.1,409.5,499
2022-08-15T18:00:00+0000,409.6,411.1,409.3,410.0,537
2022-08-16T00:00:00+0000,410.0,411.0,408.5,409.0,58
2022-08-16T01:00:00+0000,408.8,408.8,407.5,408.4,47
2022-08-16T02:00:00+0000,408.5,410.0,408.5,409.9,42
2022-08-16T03:00:00+0000,410.5,410.8,410.1,410.8,34
2022-08-16T04:00:00+0000,410.6,411.0,410.2,410.8,24
2022-08-16T05:00:00+0000,411.0,411.4,410.2,410.7,32
2022-08-16T06:00:00+0000,410.6,410.6,408.9,408.9,21
2022-08-16T07:00:00+0000,409.1,409.1,407.5,407.7,62
2022-08-16T08:00:00+0000,407.4,409.0,406.9,408.9,172
2022-08-16T09:00:00+0000,408.7,408.7,408.0,408.1,67
2022-08-16T10:00:00+0000,408.2,408.7,407.3,408.1,156
2022-08-16T11:00:00+0000,408.2,409.0,408.0,408.5,138
2022-08-16T12:00:00+0000,408.4,408.4,406.3,406.4,297
2022-08-16T13:00:00+0000,406.6,408.6,404.8,405.4,1768
2022-08-16T14:00:00+0000,405.6,405.8,402.5,403.3,1660
2022-08-16T15:00:00+0000,403.3,404.6,402.6,404.0,1175
2022-08-16T16:00:00+0000,403.8,404.0,401.2,402.5,766
2022-08-16T17:00:00+0000,402.7,402.8,401.3,401.9,899
2022-08-16T18:00:00+0000,401.8,401.9,400.4,401.4,633
2022-08-17T00:00:00+0000,401.6,403.2,401.6,403.2,179
2022-08-17T01:00:00+0000,402.8,404.1,402.5,404.1,29
2022-08-17T02:00:00+0000,404.2,404.8,404.1,404.5,22
2022-08-17T03:00:00+0000,403.6,404.2,403.3,404.0,23
2022-08-17T04:00:00+0000,403.7,404.1,403.6,403.7,51
2022-08-17T05:00:00+0000,403.7,405.8,403.6,405.2,128
2022-08-17T06:00:00+0000,405.1,405.2,404.8,405.1,64
2022-08-17T07:00:00+0000,404.6,405.2,403.6,404.0,186
2022-08-17T08:00:00+0000,403.9,404.6,403.6,404.5,258
2022-08-17T09:00:00+0000,404.5,405.4,403.3,404.1,626
2022-08-17T10:00:00+0000,404.0,404.5,403.3,403.4,222
2022-08-17T11:00:00+0000,403.3,406.1,403.2,405.6,220
2022-08-17T12:00:00+0000,405.8,406.9,404.6,406.7,282
2022-08-17T13:00:00+0000,407.2,407.5,404.6,404.9,1261
2022-08-17T14:00:00+0000,404.9,406.3,403.6,403.7,1132
2022-08-17T15:00:00+0000,403.7,404.7,400.7,404.0,1123
2022-08-17T16:00:00+0000,404.0,404.7,402.6,403.1,449
2022-08-17T17:00:00+0000,403.1,403.9,402.8,403.9,391
2022-08-17T18:00:00+0000,404.1,406.8,404.1,406.0,585
2022-08-18T00:00:00+0000,405.8,408.3,405.8,407.0,91
2022-08-18T01:00:00+0000,407.0,407.7,406.2,406.2,27
2022-08-18T02:00:00+0000,406.3,406.3,405.9,406.0,36
2022-08-18T03:00:00+0000,406.2,406.2,405.7,405.7,67
2022-08-18T04:00:00+0000,406.7,406.9,406.5,406.5,21
2022-08-18T05:00:00+0000,406.5,407.3,406.5,406.7,38
2022-08-18T06:00:00+0000,406.4,406.8,405.4,405.4,89
2022-08-18T07:00:00+0000,405.5,406.6,405.5,405.9,128
2022-08-18T08:00:00+0000,405.7,406.4,404.5,406.4,216
2022-08-18T09:00:00+0000,406.7,406.8,405.7,406.3,38
2022-08-18T10:00:00+0000,406.4,407.0,406.4,406.9,46
2022-08-18T11:00:00+0000,406.9,408.2,406.4,407.7,184
2022-08-18T12:00:00+0000,407.9,408.3,407.0,408.3,312
2022-08-18T13:00:00+0000,408.5,411.1,407.3,409.5,722
2022-08-18T14:00:00+0000,409.6,412.5,408.5,411.9,755
2022-08-18T15:00:00+0000,411.8,416.3,411.8,412.6,872
2022-08-18T16:00:00+0000,412.7,413.3,411.0,412.4,335
2022-08-18T17:00:00+0000,412.3,413.1,411.3,411.7,448
2022-08-18T18:00:00+0000,411.9,414.1,411.9,413.8,370
2022-08-19T00:00:00+0000,413.4,414.6,412.4,412.4,77
2022-08-19T01:00:00+0000,412.0,412.0,410.4,411.5,33
2022-08-19T02:00:00+0000,411.9,412.5,411.9,412.4,10
2022-08-19T03:00:00+0000,412.7,412.7,411.5,411.6,14
2022-08-19T04:00:00+0000,411.5,411.5,411.4,411.4,12
2022-08-19T05:00:00+0000,411.9,412.1,411.7,411.7,11
2022-08-19T06:00:00+0000,412.1,413.0,411.4,411.4,51
2022-08-19T07:00:00+0000,411.4,411.4,410.4,410.9,146
2022-08-19T08:00:00+0000,410.7,410.7,409.9,410.0,36
2022-08-19T09:00:00+0000,410.2,410.3,409.0,409.6,47
2022-08-19T10:00:00+0000,409.6,409.7,409.1,409.2,55
2022-08-19T11:00:00+0000,408.8,408.8,407.6,407.7,242
2022-08-19T12:00:00+0000,407.9,408.9,407.8,408.9,277
2022-08-19T13:00:00+0000,409.5,409.5,405.7,406.6,653
2022-08-19T14:00:00+0000,406.6,407.2,404.7,407.1,889
2022-08-19T15:00:00+0000,407.0,407.9,405.5,405.5,432
2022-08-19T16:00:00+0000,405.5,408.1,405.2,406.5,385
2022-08-19T17:00:00+0000,406.5,407.7,406.1,407.5,733
2022-08-19T18:00:00+0000,407.4,408.9,407.0,408.6,613
2022-08-22T00:00:00+0000,408.0,409.2,405.3,408.2,102
2022-08-22T01:00:00+0000,408.6,409.1,408.4,409.0,97
2022-08-22T02:00:00+0000,409.0,409.2,408.5,408.7,11
2022-08-22T03:00:00+0000,408.8,409.4,408.3,409.2,158
2022-08-22T04:00:00+0000,409.1,409.8,409.1,409.7,26
2022-08-22T05:00:00+0000,409.6,409.7,409.3,409.7,6
2022-08-22T06:00:00+0000,408.8,410.9,408.8,410.8,75
2022-08-22T07:00:00+0000,410.3,412.3,410.0,412.3,133
2022-08-22T08:00:00+0000,412.3,412.3,410.7,411.8,132
2022-08-22T09:00:00+0000,411.7,414.0,411.7,413.7,101
2022-08-22T10:00:00+0000,413.6,415.7,413.6,415.2,301
2022-08-22T11:00:00+0000,415.2,417.1,415.1,417.1,140
2022-08-22T12:00:00+0000,417.0,417.2,415.1,415.7,417
2022-08-22T13:00:00+0000,415.5,420.7,414.9,415.7,829
2022-08-22T14:00:00+0000,415.7,419.2,413.4,418.2,710
2022-08-22T15:00:00+0000,418.2,420.6,418.0,420.1,494
2022-08-22T16:00:00+0000,420.2,421.8,419.7,420.2,450
2022-08-22T17:00:00+0000,420.2,421.1,419.3,420.5,907
2022-08-22T18:00:00+0000,420.6,422.1,420.2,420.8,438
2022-08-23T00:00:00+0000,420.8,424.2,420.8,423.8,109
2022-08-23T01:00:00+0000,423.6,425.7,423.3,425.0,83
2022-08-23T02:00:00+0000,425.7,426.0,425.0,425.6,26
2022-08-23T03:00:00+0000,426.2,427.0,425.4,425.6,56
2022-08-23T04:00:00+0000,425.6,425.6,424.4,424.4,24
2022-08-23T05:00:00+0000,424.1,424.3,423.6,424.3,42
2022-08-23T06:00:00+0000,424.3,424.3,423.3,423.9,24
2022-08-23T07:00:00+0000,424.0,425.5,423.4,425.5,45
2022-08-23T08:00:00+0000,425.1,426.0,424.9,425.6,69
2022-08-23T09:00:00+0000,425.4,427.0,425.4,426.9,164
2022-08-23T10:00:00+0000,426.8,428.2,426.3,426.9,300
2022-08-23T11:00:00+0000,426.7,426.7,423.8,423.8,125
2022-08-23T12:00:00+0000,423.9,424.5,422.4,422.4,224
2022-08-23T13:00:00+0000,422.5,426.4,422.5,425.3,768
2022-08-23T14:00:00+0000,425.3,430.5,425.3,428.1,1346
2022-08-23T15:00:00+0000,427.9,431.6,427.9,430.9,693
2022-08-23T16:00:00+0000,431.4,433.6,430.7,433.0,997
2022-08-23T17:00:00+0000,432.8,434.5,430.9,431.2,749
2022-08-23T18:00:00+0000,431.2,432.2,429.2,431.2,797
2022-08-24T00:00:00+0000,431.2,432.6,431.0,432.0,110
2022-08-24T01:00:00+0000,431.2,433.7,431.1,431.2,327
2022-08-24T02:00:00+0000,431.5,431.6,430.3,431.3,117
2022-08-24T03:00:00+0000,432.0,433.3,432.0,433.3,110
2022-08-24T04:00:00+0000,433.5,433.5,432.7,432.7,14
2022-08-24T05:00:00+0000,433.4,433.5,432.8,433.1,18
2022-08-24T06:00:00+0000,433.1,434.5,433.1,434.5,38
2022-08-24T07:00:00+0000,434.4,437.4,434.4,436.8,441
2022-08-24T08:00:00+0000,436.9,437.8,435.3,437.7,158
2022-08-24T09:00:00+0000,437.6,437.6,436.5,437.0,131
2022-08-24T10:00:00+0000,437.0,437.0,435.5,436.1,124
2022-08-24T11:00:00+0000,436.4,436.6,434.8,435.5,103
2022-08-24T12:00:00+0000,435.7,438.3,435.5,436.9,287
2022-08-24T13:00:00+0000,437.5,441.5,432.4,433.9,1309
2022-08-24T14:00:00+0000,433.8,436.5,428.3,430.1,1617
2022-08-24T15:00:00+0000,429.7,435.0,428.9,432.0,845
2022-08-24T16:00:00+0000,432.3,434.1,431.9,432.3,484
2022-08-24T17:00:00+0000,432.4,433.2,430.8,431.9,1121
2022-08-24T18:00:00+0000,432.0,433.4,430.8,430.9,491
2022-08-25T00:00:00+0000,430.9,432.9,430.9,431.7,201
2022-08-25T01:00:00+0000,432.3,432.4,430.1,431.1,152
2022-08-25T02:00:00+0000,430.5,432.0,430.5,432.0,123
2022-08-25T03:00:00+0000,431.5,431.7,431.2,431.2,7
2022-08-25T04:00:00+0000,431.1,431.5,430.8,431.5,22
2022-08-25T05:00:00+0000,431.6,432.1,431.1,431.1,92
2022-08-25T06:00:00+0000,432.1,433.3,432.1,433.0,54
2022-08-25T07:00:00+0000,433.8,434.0,433.0,433.0,114
2022-08-25T08:00:00+0000,432.8,432.8,431.2,432.1,88
2022-08-25T09:00:00+0000,431.7,431.9,429.5,429.9,225
2022-08-25T10:00:00+0000,429.9,430.2,429.0,429.9,172
2022-08-25T11:00:00+0000,429.8,430.5,429.1,429.4,259
2022-08-25T12:00:00+0000,429.4,429.5,425.0,426.0,445
2022-08-25T13:00:00+0000,427.5,429.7,421.1,424.0,1668
2022-08-25T14:00:00+0000,424.0,424.6,422.0,422.2,2033
2022-08-25T15:00:00+0000,422.3,428.4,421.7,426.3,737
2022-08-25T16:00:00+0000,426.3,426.3,422.0,422.1,645
2022-08-25T17:00:00+0000,422.0,422.8,420.7,421.1,758
2022-08-25T18:00:00+0000,420.9,421.1,418.0,418.4,709
2022-08-26T00:00:00+0000,418.8,421.1,418.4,421.0,108
2022-08-26T01:00:00+0000,421.1,422.3,420.6,420.9,62
2022-08-26T02:00:00+0000,420.7,420.7,419.7,420.3,20
2022-08-26T03:00:00+0000,420.5,420.7,419.9,420.1,12
2022-08-26T04:00:00+0000,420.4,420.7,420.2,420.3,19
2022-08-26T05:00:00+0000,420.1,420.1,419.2,420.0,68
2022-08-26T06:00:00+0000,420.3,422.7,420.0,421.5,175
2022-08-26T07:00:00+0000,422.2,423.6,421.8,423.3,193
2022-08-26T08:00:00+0000,423.3,425.1,422.2,422.8,365
2022-08-26T09:00:00+0000,422.8,424.7,422.2,424.2,283
2022-08-26T10:00:00+0000,424.4,425.8,424.2,424.9,259
2022-08-26T11:00:00+0000,424.9,425.5,424.4,425.1,142
2022-08-26T12:00:00+0000,425.3,425.5,424.9,425.0,179
2022-08-26T13:00:00+0000,425.1,431.6,424.8,429.0,1674
2022-08-26T14:00:00+0000,429.0,430.9,426.3,429.0,1325
2022-08-26T15:00:00+0000,429.0,432.9,428.4,431.2,1383
2022-08-26T16:00:00+0000,431.2,432.9,430.2,431.1,968
2022-08-26T17:00:00+0000,431.0,434.3,430.6,433.8,1403
2022-08-26T18:00:00+0000,433.6,436.5,432.9,435.7,1439
2022-08-29T00:00:00+0000,434.0,435.7,428.9,429.9,319
2022-08-29T01:00:00+0000,429.4,430.9,429.2,430.9,92
2022-08-29T02:00:00+0000,430.9,431.1,430.1,430.3,67
2022-08-29T03:00:00+0000,430.2,431.0,430.2,430.6,10
2022-08-29T04:00:00+0000,431.1,432.6,431.1,432.6,39
2022-08-29T05:00:00+0000,432.0,433.3,431.7,433.1,332
2022-08-29T06:00:00+0000,433.2,433.3,431.9,433.0,87
2022-08-29T07:00:00+0000,432.3,434.1,431.9,433.6,167
2022-08-29T08:00:00+0000,433.6,434.6,431.8,431.8,148
2022-08-29T09:00:00+0000,431.8,432.9,431.8,432.8,131
2022-08-29T10:00:00+0000,432.7,433.7,432.3,433.7,62
2022-08-29T11:00:00+0000,432.9,436.5,432.9,435.6,242
2022-08-29T12:00:00+0000,435.7,438.4,435.1,437.9,394
2022-08-29T13:00:00+0000,437.4,438.7,433.0,436.0,1054
2022-08-29T14:00:00+0000,435.9,439.6,435.1,436.4,1666
2022-08-29T15:00:00+0000,436.4,438.3,428.8,429.8,1753
2022-08-29T16:00:00+0000,429.7,434.6,429.1,434.4,1499
2022-08-29T17:00:00+0000,434.4,435.6,433.7,433.7,1181
2022-08-29T18:00:00+0000,433.8,434.4,432.6,433.6,868
2022-08-30T00:00:00+0000,433.6,433.6,430.6,430.6,241
2022-08-30T01:00:00+0000,430.8,431.4,428.9,429.3,63
2022-08-30T02:00:00+0000,429.5,430.1,429.3,430.1,94
2022-08-30T03:00:00+0000,429.8,429.9,429.5,429.8,35
2022-08-30T04:00:00+0000,429.6,429.7,428.8,429.6,69
2022-08-30T05:00:00+0000,429.8,431.0,429.5,430.9,146
2022-08-30T06:00:00+0000,431.0,431.3,430.2,431.1,64
2022-08-30T07:00:00+0000,431.0,431.0,430.1,430.6,139
2022-08-30T08:00:00+0000,430.6,431.0,430.4,430.6,43
2022-08-30T09:00:00+0000,430.6,430.6,427.4,428.1,180
2022-08-30T10:00:00+0000,428.1,428.7,427.3,427.9,102
2022-08-30T11:00:00+0000,428.0,429.0,427.2,427.5,359
2022-08-30T12:00:00+0000,427.6,428.4,426.3,426.7,346
2022-08-30T13:00:00+0000,427.0,427.8,424.2,425.2,1338
2022-08-30T14:00:00+0000,425.1,426.8,423.5,426.2,1707
2022-08-30T15:00:00+0000,426.2,428.8,426.0,426.1,1225
2022-08-30T16:00:00+0000,426.1,427.3,424.2,427.0,1334
2022-08-30T17:00:00+0000,426.7,430.4,426.1,430.4,1618
2022-08-30T18:00:00+0000,430.3,430.5,428.6,429.4,582
2022-08-31T00:00:00+0000,429.6,429.8,428.5,428.5,283
2022-08-31T01:00:00+0000,428.0,429.0,428.0,428.4,25
2022-08-31T02:00:00+0000,427.7,427.7,426.6,427.2,12
2022-08-31T03:00:00+0000,427.9,428.4,427.9,428.2,16
2022-08-31T04:00:00+0000,429.0,429.0,428.6,428.6,8
2022-08-31T05:00:00+0000,428.3,430.0,428.3,429.9,41
2022-08-31T06:00:00+0000,429.7,429.7,428.7,429.6,14
2022-08-31T07:00:00+0000,428.8,428.8,428.3,428.6,19
2022-08-31T08:00:00+0000,428.3,428.5,425.6,425.9,83
2022-08-31T09:00:00+0000,425.8,425.8,424.5,425.2,138
2022-08-31T10:00:00+0000,425.2,426.7,425.2,425.4,87
2022-08-31T11:00:00+0000,425.3,427.5,425.0,426.0,239
2022-08-31T12:00:00+0000,426.1,426.7,424.4,425.7,278
2022-08-31T13:00:00+0000,426.0,429.6,425.4,426.1,1031
2022-08-31T14:00:00+0000,426.0,429.4,424.4,428.1,1862
2022-08-31T15:00:00+0000,427.9,428.4,426.2,428.1,1224
2022-08-31T16:00:00+0000,427.8,428.3,424.6,426.1,1357
2022-08-31T17:00:00+0000,426.0,426.3,421.2,422.5,1193
2022-08-31T18:00:00+0000,422.6,422.7,420.0,421.3,1331
2022-09-01T00:00:00+0000,421.5,422.9,421.3,422.9,261
2022-09-01T01:00:00+0000,423.8,424.2,423.2,423.9,38
2022-09-01T02:00:00+0000,423.5,424.2,422.3,422.6,101
2022-09-01T03:00:00+0000,422.6,423.3,422.2,422.2,17
2022-09-01T04:00:00+0000,422.4,422.5,422.0,422.0,62
2022-09-01T05:00:00+0000,422.0,422.1,421.5,421.8,92
2022-09-01T06:00:00+0000,422.1,422.4,421.8,422.1,17
2022-09-01T07:00:00+0000,422.0,424.7,422.0,424.7,72
2022-09-01T08:00:00+0000,424.7,424.7,423.6,423.9,90
2022-09-01T09:00:00+0000,423.9,426.2,423.9,425.0,113
2022-09-01T10:00:00+0000,424.8,424.8,423.7,424.0,302
2022-09-01T11:00:00+0000,423.9,425.4,423.5,425.0,290
2022-09-01T12:00:00+0000,425.0,425.0,423.0,424.5,236
2022-09-01T13:00:00+0000,424.5,429.0,424.5,427.2,1259
2022-09-01T14:00:00+0000,427.3,427.4,422.3,422.5,1526
2022-09-01T15:00:00+0000,422.5,424.7,421.4,422.2,914
2022-09-01T16:00:00+0000,422.0,424.0,419.8,420.2,1556
2022-09-01T17:00:00+0000,420.1,424.0,419.4,423.1,966
2022-09-01T18:00:00+0000,423.0,423.4,422.2,422.4,498
2022-09-02T00:00:00+0000,422.5,424.4,421.9,422.8,186
2022-09-02T01:00:00+0000,423.7,424.0,423.5,423.8,33
2022-09-02T02:00:00+0000,423.5,424.6,423.1,424.4,32
2022-09-02T03:00:00+0000,424.8,425.0,424.7,424.7,23
2022-09-02T04:00:00+0000,425.1,425.2,425.1,425.2,9
2022-09-02T05:00:00+0000,425.3,425.8,424.7,425.8,89
2022-09-02T06:00:00+0000,426.1,426.1,425.2,426.0,20
2022-09-02T07:00:00+0000,426.4,426.4,425.1,425.1,68
2022-09-02T08:00:00+0000,425.2,426.1,425.0,425.6,222
2022-09-02T09:00:00+0000,426.2,427.9,426.2,426.5,136
2022-09-02T10:00:00+0000,427.1,427.1,425.7,425.8,153
2022-09-02T11:00:00+0000,425.9,426.0,424.5,424.5,105
2022-09-02T12:00:00+0000,425.0,427.2,425.0,426.6,94
2022-09-02T13:00:00+0000,426.8,428.5,422.0,423.5,1027
2022-09-02T14:00:00+0000,423.4,425.8,423.2,423.6,1094
2022-09-02T15:00:00+0000,423.4,424.7,422.0,424.6,726
2022-09-02T16:00:00+0000,424.7,424.7,422.2,423.4,852
2022-09-02T17:00:00+0000,423.6,425.8,423.2,424.9,1238
2022-09-02T18:00:00+0000,424.9,424.9,423.1,424.0,702
2022-09-06T00:00:00+0000,419.0,419.0,415.6,416.3,2001
2022-09-06T01:00:00+0000,416.7,417.3,416.1,416.1,136
2022-09-06T02:00:00+0000,416.1,416.3,415.2,416.0,98
2022-09-06T03:00:00+0000,416.0,417.2,416.0,417.2,94
2022-09-06T04:00:00+0000,416.9,417.0,416.8,417.0,14
2022-09-06T05:00:00+0000,416.8,417.0,416.1,417.0,27
2022-09-06T06:00:00+0000,417.2,417.4,416.8,417.3,63
2022-09-06T07:00:00+0000,417.1,417.9,417.1,417.8,184
2022-09-06T08:00:00+0000,417.7,417.7,417.0,417.3,352
2022-09-06T09:00:00+0000,417.1,417.6,417.0,417.6,109
2022-09-06T10:00:00+0000,417.9,417.9,416.7,417.4,150
2022-09-06T11:00:00+0000,417.1,417.1,414.8,414.9,592
2022-09-06T12:00:00+0000,414.9,415.3,414.0,414.1,796
2022-09-06T13:00:00+0000,414.8,415.5,408.7,411.4,4051
2022-09-06T14:00:00+0000,411.3,412.3,410.2,411.7,2594
2022-09-06T15:00:00+0000,411.9,413.8,411.2,413.2,1206
2022-09-06T16:00:00+0000,413.2,414.1,411.7,412.3,1129
2022-09-06T17:00:00+0000,412.3,412.8,411.5,411.7,1459
2022-09-06T18:00:00+0000,411.6,412.2,410.3,411.3,1646
2022-09-07T00:00:00+0000,410.6,410.6,408.0,408.3,1646
2022-09-07T01:00:00+0000,408.5,409.0,407.9,408.9,402
2022-09-07T02:00:00+0000,408.4,409.0,408.4,409.0,30
2022-09-07T03:00:00+0000,409.0,409.5,408.8,409.3,92
2022-09-07T04:00:00+0000,409.3,409.3,408.5,409.0,35
2022-09-07T05:00:00+0000,409.0,409.5,408.8,409.2,40
2022-09-07T06:00:00+0000,409.5,410.6,409.2,410.5,220
2022-09-07T07:00:00+0000,410.4,412.6,409.8,412.4,169
2022-09-07T08:00:00+0000,412.6,414.7,412.6,413.6,414
2022-09-07T09:00:00+0000,413.7,414.2,413.5,414.0,104
2022-09-07T10:00:00+0000,413.8,414.9,413.8,414.9,257
2022-09-07T11:00:00+0000,414.9,417.4,414.6,417.2,561
2022-09-07T12:00:00+0000,416.8,417.5,415.7,415.7,847
2022-09-07T13:00:00+0000,416.4,420.7,414.5,419.9,2396
2022-09-07T14:00:00+0000,419.9,428.2,419.4,423.8,2179
2022-09-07T15:00:00+0000,423.7,423.7,417.2,419.4,1584
2022-09-07T16:00:00+0000,419.3,419.4,416.3,416.9,1079
2022-09-07T17:00:00+0000,416.9,418.9,416.1,416.8,1193
2022-09-07T18:00:00+0000,416.2,416.3,414.3,414.4,1013
2022-09-08T00:00:00+0000,416.9,416.9,415.2,416.1,146
2022-09-08T01:00:00+0000,416.2,417.0,416.0,416.0,188
2022-09-08T02:00:00+0000,416.0,416.5,416.0,416.5,6
2022-09-08T03:00:00+0000,416.9,416.9,415.9,416.0,38
2022-09-08T04:00:00+0000,415.9,415.9,415.8,415.8,2
2022-09-08T05:00:00+0000,415.7,416.5,415.7,416.4,27
2022-09-08T07:00:00+0000,416.5,418.5,416.3,418.5,94
2022-09-08T08:00:00+0000,418.3,418.3,417.2,417.2,25
2022-09-08T09:00:00+0000,416.9,416.9,416.1,416.8,109
2022-09-08T10:00:00+0000,416.8,418.4,416.5,417.8,93
2022-09-08T11:00:00+0000,417.8,418.5,417.5,417.9,165
2022-09-08T12:00:00+0000,418.2,418.8,417.8,417.9,193
2022-09-08T13:00:00+0000,417.9,418.3,415.4,416.3,754
2022-09-08T14:00:00+0000,415.9,416.3,411.5,412.4,1468
2022-09-08T15:00:00+0000,412.4,414.4,411.7,412.0,665
2022-09-08T16:00:00+0000,411.9,411.9,410.6,410.8,762
2022-09-08T17:00:00+0000,410.7,411.2,409.1,409.9,1688
2022-09-08T18:00:00+0000,410.0,411.0,408.5,410.2,1402
2022-09-09T00:00:00+0000,410.3,412.9,410.2,410.6,615
2022-09-09T01:00:00+0000,410.9,411.4,410.1,411.2,203
2022-09-09T02:00:00+0000,411.3,411.5,411.1,411.1,42
2022-09-09T03:00:00+0000,411.1,411.5,411.1,411.1,63
2022-09-09T04:00:00+0000,411.3,411.3,410.5,410.5,12
2022-09-09T05:00:00+0000,410.5,411.3,410.4,411.1,120
2022-09-09T06:00:00+0000,411.0,411.4,410.4,410.5,114
2022-09-09T07:00:00+0000,410.6,411.8,410.3,411.8,174
2022-09-09T08:00:00+0000,411.3,412.0,411.2,412.0,145
2022-09-09T09:00:00+0000,411.9,412.5,411.7,412.2,238
2022-09-09T10:00:00+0000,412.0,412.5,411.5,412.5,147
2022-09-09T11:00:00+0000,412.6,412.9,411.6,412.2,234
2022-09-09T12:00:00+0000,412.2,413.5,412.2,412.9,315
2022-09-09T13:00:00+0000,413.0,414.4,408.8,408.9,3171
2022-09-09T14:00:00+0000,408.9,414.1,408.8,413.8,1644
2022-09-09T15:00:00+0000,414.1,415.5,413.7,414.9,1116
2022-09-09T16:00:00+0000,415.0,417.0,415.0,415.8,666
2022-09-09T17:00:00+0000,415.9,417.0,415.0,415.2,1228
2022-09-09T18:00:00+0000,415.5,415.6,414.0,414.8,1350
2022-09-12T00:00:00+0000,414.6,414.7,413.8,414.5,426
2022-09-12T01:00:00+0000,414.2,414.4,414.1,414.4,10
2022-09-12T02:00:00+0000,414.2,415.0,414.1,415.0,117
2022-09-12T03:00:00+0000,415.0,415.0,414.8,415.0,13
2022-09-12T04:00:00+0000,414.8,414.8,414.4,414.4,6
2022-09-12T05:00:00+0000,414.4,414.5,414.4,414.5,13
2022-09-12T06:00:00+0000,414.6,416.5,414.6,416.5,63
2022-09-12T07:00:00+0000,416.5,417.1,416.0,417.1,98
2022-09-12T08:00:00+0000,417.2,418.4,416.3,418.2,105
2022-09-12T09:00:00+0000,418.2,419.1,417.9,418.6,135
2022-09-12T10:00:00+0000,418.7,419.1,418.1,418.7,135
2022-09-12T11:00:00+0000,418.6,419.1,416.7,417.6,134
2022-09-12T12:00:00+0000,417.1,418.2,417.1,417.3,252
2022-09-12T13:00:00+0000,417.3,418.8,416.1,416.7,1334
2022-09-12T14:00:00+0000,417.0,421.5,415.3,419.7,1000
2022-09-12T15:00:00+0000,419.7,423.4,419.0,421.7,1202
2022-09-12T16:00:00+0000,422.0,444.8,422.0,444.2,5124
2022-09-12T17:00:00+0000,444.2,444.8,437.5,440.1,2813
2022-09-12T18:00:00+0000,440.1,441.0,438.5,438.7,1817
2022-09-13T00:00:00+0000,438.7,438.7,438.0,438.2,490
2022-09-13T01:00:00+0000,438.0,438.0,436.3,437.6,168
2022-09-13T02:00:00+0000,437.7,437.9,437.1,437.1,71
2022-09-13T03:00:00+0000,437.2,437.8,436.5,437.3,61
2022-09-13T04:00:00+0000,437.2,437.9,437.1,437.4,88
2022-09-13T05:00:00+0000,437.2,438.7,437.2,438.3,127
2022-09-13T06:00:00+0000,437.9,439.1,437.9,438.3,193
2022-09-13T07:00:00+0000,438.3,439.2,438.3,438.7,38
2022-09-13T08:00:00+0000,438.7,441.8,438.7,441.7,303
2022-09-13T09:00:00+0000,441.6,441.6,439.4,440.0,62
2022-09-13T10:00:00+0000,440.0,440.0,437.3,438.1,81
2022-09-13T11:00:00+0000,438.1,440.0,438.1,439.5,172
2022-09-13T12:00:00+0000,439.1,439.3,434.9,437.4,645
2022-09-13T13:00:00+0000,437.4,438.8,434.9,436.3,1024
2022-09-13T14:00:00+0000,436.0,439.3,435.1,437.3,671
2022-09-13T15:00:00+0000,437.1,437.1,432.0,432.2,1156
2022-09-13T16:00:00+0000,432.5,434.2,431.6,432.4,905
2022-09-13T17:00:00+0000,432.3,432.3,429.1,429.5,1863
2022-09-13T18:00:00+0000,429.4,429.5,428.4,428.8,1313
2022-09-14T00:00:00+0000,428.9,430.1,428.8,429.3,230
2022-09-14T01:00:00+0000,430.0,430.0,428.7,428.7,104
2022-09-14T02:00:00+0000,429.7,430.9,429.7,430.7,89
2022-09-14T03:00:00+0000,430.4,430.5,429.7,429.7,6
2022-09-14T04:00:00+0000,429.6,429.6,428.9,429.4,15
2022-09-14T05:00:00+0000,429.5,429.6,428.7,428.7,11
2022-09-14T06:00:00+0000,428.8,429.7,428.7,429.7,20
2022-09-14T07:00:00+0000,429.7,430.7,429.6,429.6,70
2022-09-14T08:00:00+0000,430.4,432.3,430.4,431.7,73
2022-09-14T09:00:00+0000,431.3,432.7,431.3,432.5,150
2022-09-14T10:00:00+0000,432.7,432.8,432.0,432.4,87
2022-09-14T11:00:00+0000,432.3,432.8,431.6,431.8,129
2022-09-14T12:00:00+0000,431.9,432.2,430.1,430.8,516
2022-09-14T13:00:00+0000,431.1,433.4,430.0,432.6,2439
2022-09-14T14:00:00+0000,432.5,434.7,431.8,434.4,2052
2022-09-14T15:00:00+0000,434.8,434.8,427.3,428.0,1806
2022-09-14T16:00:00+0000,428.2,428.5,426.0,428.0,1120
2022-09-14T17:00:00+0000,428.2,429.5,428.0,428.4,1258
2022-09-14T18:00:00+0000,428.4,431.1,428.4,431.0,1106
2022-09-15T00:00:00+0000,431.0,432.0,430.6,431.2,220
2022-09-15T01:00:00+0000,431.5,432.5,431.5,431.8,57
2022-09-15T02:00:00+0000,432.1,432.7,431.8,431.9,164
2022-09-15T03:00:00+0000,431.8,431.8,431.0,431.0,65
2022-09-15T04:00:00+0000,431.1,431.3,430.6,430.8,68
2022-09-15T05:00:00+0000,430.7,431.1,430.6,430.7,26
2022-09-15T06:00:00+0000,431.1,431.6,431.0,431.4,20
2022-09-15T07:00:00+0000,431.5,433.0,431.5,432.5,103
2022-09-15T08:00:00+0000,432.5,433.8,432.1,433.8,88
2022-09-15T09:00:00+0000,433.5,433.6,432.1,433.3,188
2022-09-15T10:00:00+0000,433.4,433.5,431.3,431.6,263
2022-09-15T11:00:00+0000,431.7,432.2,431.1,432.0,174
2022-09-15T12:00:00+0000,431.3,432.2,430.9,431.7,405
2022-09-15T13:00:00+0000,432.3,434.8,430.1,434.8,910
2022-09-15T14:00:00+0000,434.9,438.6,433.9,434.1,1640
2022-09-15T15:00:00+0000,434.5,438.5,433.3,436.7,1225
2022-09-15T16:00:00+0000,437.0,438.0,434.7,436.3,940
2022-09-15T17:00:00+0000,436.4,436.7,432.9,433.6,1031
2022-09-15T18:00:00+0000,433.4,435.2,433.2,433.8,888
2022-09-16T00:00:00+0000,432.5,435.0,432.5,434.5,299
2022-09-16T01:00:00+0000,434.8,435.5,434.4,434.4,165
2022-09-16T02:00:00+0000,434.1,434.2,434.1,434.2,8
2022-09-16T03:00:00+0000,433.4,433.5,432.4,432.8,49
2022-09-16T04:00:00+0000,432.7,433.0,432.7,432.8,36
2022-09-16T05:00:00+0000,432.7,432.7,432.6,432.6,2
2022-09-16T06:00:00+0000,433.4,434.2,433.2,434.2,53
2022-09-16T07:00:00+0000,434.4,434.4,432.2,432.2,21
2022-09-16T08:00:00+0000,432.0,432.5,431.3,431.4,103
2022-09-16T09:00:00+0000,431.5,432.4,431.5,431.6,79
2022-09-16T10:00:00+0000,431.7,432.0,431.5,431.9,67
2022-09-16T11:00:00+0000,432.0,432.4,431.6,431.7,228
2022-09-16T12:00:00+0000,431.6,431.6,430.5,430.5,149
2022-09-16T13:00:00+0000,430.6,431.4,427.5,428.4,1332
2022-09-16T14:00:00+0000,428.2,430.9,427.0,429.4,1159
2022-09-16T15:00:00+0000,429.2,429.2,425.7,427.6,1215
2022-09-16T16:00:00+0000,427.1,428.1,424.8,426.5,1446
2022-09-16T17:00:00+0000,426.4,430.3,426.2,429.1,1313
2022-09-16T18:00:00+0000,429.1,430.6,428.0,428.7,997
2022-09-19T00:00:00+0000,429.0,430.5,428.1,430.0,172
2022-09-19T01:00:00+0000,430.0,431.2,430.0,430.8,83
2022-09-19T02:00:00+0000,431.2,433.0,430.8,433.0,80
2022-09-19T03:00:00+0000,432.8,432.8,432.0,432.0,27
2022-09-19T04:00:00+0000,432.2,432.9,432.2,432.7,62
2022-09-19T05:00:00+0000,432.5,432.8,431.8,432.2,20
2022-09-19T06:00:00+0000,432.1,432.9,431.8,432.6,37
2022-09-19T07:00:00+0000,432.6,432.7,431.6,431.6,27
2022-09-19T08:00:00+0000,431.3,434.0,431.3,433.2,271
2022-09-19T09:00:00+0000,432.7,434.0,432.7,433.6,124
2022-09-19T10:00:00+0000,433.8,434.0,433.2,433.8,148
2022-09-19T11:00:00+0000,433.9,434.0,432.9,433.5,319
2022-09-19T12:00:00+0000,433.5,433.5,431.5,432.0,261
2022-09-19T13:00:00+0000,432.0,433.5,429.8,431.8,1649
2022-09-19T14:00:00+0000,431.8,439.0,431.6,437.5,2139
2022-09-19T15:00:00+0000,437.6,438.3,436.5,438.0,654
2022-09-19T16:00:00+0000,438.0,439.2,437.3,438.5,767
2022-09-19T17:00:00+0000,438.8,439.6,438.3,439.1,776
2022-09-19T18:00:00+0000,438.9,439.3,437.1,437.2,726
2022-09-20T00:00:00+0000,437.4,437.5,436.0,436.6,325
2022-09-20T01:00:00+0000,436.6,437.4,436.6,437.4,46
2022-09-20T02:00:00+0000,437.3,437.4,437.1,437.3,25
2022-09-20T03:00:00+0000,437.0,437.1,436.8,436.9,7
2022-09-20T04:00:00+0000,437.0,437.0,436.9,437.0,22
2022-09-20T05:00:00+0000,436.8,437.2,436.2,437.0,21
2022-09-20T06:00:00+0000,437.4,437.6,437.4,437.6,40
2022-09-20T07:00:00+0000,437.0,437.1,437.0,437.0,3
2022-09-20T08:00:00+0000,437.1,438.3,436.8,438.3,68
2022-09-20T09:00:00+0000,438.3,438.4,437.7,437.9,51
2022-09-20T10:00:00+0000,437.9,439.1,437.8,438.9,333
2022-09-20T11:00:00+0000,438.9,438.9,436.0,436.9,307
2022-09-20T12:00:00+0000,436.5,437.6,435.7,436.5,139
2022-09-20T13:00:00+0000,436.7,441.6,435.7,439.7,1101
2022-09-20T14:00:00+0000,439.4,445.7,439.0,445.0,1718
2022-09-20T15:00:00+0000,445.1,452.9,445.0,452.8,2152
2022-09-20T16:00:00+0000,452.9,453.6,451.1,451.7,828
2022-09-20T17:00:00+0000,451.7,451.9,449.1,449.5,1654
2022-09-20T18:00:00+0000,449.5,451.3,449.0,449.0,1567
2022-09-21T00:00:00+0000,450.1,450.3,448.5,449.4,488
2022-09-21T01:00:00+0000,449.3,449.3,447.0,447.5,69
2022-09-21T02:00:00+0000,447.0,447.3,445.3,446.9,208
2022-09-21T03:00:00+0000,446.6,446.7,445.6,446.7,85
2022-09-21T04:00:00+0000,446.6,446.8,446.6,446.8,24
2022-09-21T05:00:00+0000,447.4,447.7,447.4,447.6,13
2022-09-21T06:00:00+0000,449.0,450.0,448.6,449.2,131
2022-09-21T07:00:00+0000,449.4,449.6,448.4,448.8,122
2022-09-21T08:00:00+0000,448.8,450.1,448.4,448.6,81
2022-09-21T09:00:00+0000,448.4,448.8,448.1,448.4,48
2022-09-21T10:00:00+0000,448.3,450.0,448.3,450.0,47
2022-09-21T11:00:00+0000,450.0,450.1,449.0,449.0,84
2022-09-21T12:00:00+0000,448.9,448.9,447.0,447.4,248
2022-09-21T13:00:00+0000,447.4,449.6,445.8,446.1,900
2022-09-21T14:00:00+0000,446.0,447.1,443.0,447.1,1030
2022-09-21T15:00:00+0000,446.7,458.0,446.7,456.3,2009
2022-09-21T16:00:00+0000,456.3,456.3,453.5,455.6,533
2022-09-21T17:00:00+0000,455.8,456.3,453.7,453.8,1179
2022-09-21T18:00:00+0000,453.7,455.5,453.1,454.0,1931
2022-09-22T00:00:00+0000,454.3,454.6,452.8,454.6,265
2022-09-22T01:00:00+0000,454.6,454.9,453.8,454.8,138
2022-09-22T02:00:00+0000,454.9,455.3,454.2,455.2,87
2022-09-22T03:00:00+0000,454.9,456.0,454.9,455.2,71
2022-09-22T04:00:00+0000,455.3,455.8,454.4,454.4,99
2022-09-22T05:00:00+0000,454.8,456.7,454.8,456.7,118
2022-09-22T06:00:00+0000,456.9,456.9,456.2,456.3,55
2022-09-22T07:00:00+0000,456.3,457.9,455.7,457.8,161
2022-09-22T08:00:00+0000,457.9,460.4,457.9,459.9,441
2022-09-22T09:00:00+0000,460.0,463.7,460.0,461.5,514
2022-09-22T10:00:00+0000,461.4,462.3,460.8,461.6,156
2022-09-22T11:00:00+0000,461.4,461.4,458.5,459.1,230
2022-09-22T12:00:00+0000,459.1,459.6,455.8,456.6,394
2022-09-22T13:00:00+0000,458.4,459.0,449.3,449.9,2066
2022-09-22T14:00:00+0000,449.9,449.9,446.6,447.0,2386
2022-09-22T15:00:00+0000,446.8,448.7,445.4,445.9,1896
2022-09-22T16:00:00+0000,446.1,446.9,444.5,446.2,800
2022-09-22T17:00:00+0000,446.1,447.1,445.2,446.0,739
2022-09-22T18:00:00+0000,446.1,446.7,445.4,446.7,1027
2022-09-23T00:00:00+0000,446.0,446.0,442.6,442.6,398
2022-09-23T01:00:00+0000,442.3,442.3,440.4,442.1,208
2022-09-23T02:00:00+0000,442.4,442.6,441.9,442.5,105
2022-09-23T03:00:00+0000,442.3,442.4,442.1,442.1,8
2022-09-23T04:00:00+0000,442.1,442.1,441.8,442.0,6
2022-09-23T05:00:00+0000,441.8,442.2,441.6,441.9,85
2022-09-23T06:00:00+0000,441.2,441.2,440.2,441.1,125
2022-09-23T07:00:00+0000,441.1,441.4,440.1,440.3,153
2022-09-23T08:00:00+0000,440.3,441.1,440.2,441.0,101
2022-09-23T09:00:00+0000,440.9,441.3,440.7,440.9,65
2022-09-23T10:00:00+0000,440.9,441.4,440.1,440.1,60
2022-09-23T11:00:00+0000,440.1,441.5,439.8,440.5,634
2022-09-23T12:00:00+0000,440.5,440.5,439.0,439.5,571
2022-09-23T13:00:00+0000,439.7,440.0,437.4,439.0,1415
2022-09-23T14:00:00+0000,438.5,443.8,438.2,442.7,1481
2022-09-23T15:00:00+0000,442.8,443.5,441.1,441.7,711
2022-09-23T16:00:00+0000,441.6,441.9,438.5,438.9,954
2022-09-23T17:00:00+0000,439.0,441.4,438.9,440.2,1093
2022-09-23T18:00:00+0000,440.1,440.5,439.2,440.5,1624
2022-09-26T00:00:00+0000,440.1,440.9,438.3,440.3,109
2022-09-26T01:00:00+0000,441.0,441.0,438.6,439.1,29
2022-09-26T02:00:00+0000,438.4,438.4,437.6,437.6,75
2022-09-26T03:00:00+0000,437.5,437.9,437.5,437.9,11
2022-09-26T04:00:00+0000,437.7,438.9,436.8,436.8,136
2022-09-26T05:00:00+0000,436.8,437.3,436.8,436.8,31
2022-09-26T06:00:00+0000,436.8,437.1,436.8,437.1,5
2022-09-26T07:00:00+0000,437.2,442.5,437.2,442.5,168
2022-09-26T08:00:00+0000,442.6,442.9,440.1,440.1,150
2022-09-26T09:00:00+0000,439.5,439.8,437.1,438.1,217
2022-09-26T10:00:00+0000,437.6,438.9,437.3,438.9,59
2022-09-26T11:00:00+0000,439.2,440.8,438.8,440.3,102
2022-09-26T12:00:00+0000,439.7,440.6,439.1,439.5,73
2022-09-26T13:00:00+0000,439.5,441.5,436.6,436.9,678
2022-09-26T14:00:00+0000,436.8,439.0,435.3,436.6,1006
2022-09-26T15:00:00+0000,436.5,437.5,435.0,437.4,1150
2022-09-26T16:00:00+0000,437.1,438.3,434.6,434.9,605
2022-09-26T17:00:00+0000,434.9,435.7,433.0,433.9,1045
2022-09-26T18:00:00+0000,433.9,434.0,432.1,432.7,947
2022-09-27T00:00:00+0000,432.6,433.1,432.2,433.0,141
2022-09-27T01:00:00+0000,433.2,433.3,432.4,432.5,38
2022-09-27T02:00:00+0000,432.6,433.0,432.0,432.4,93
2022-09-27T03:00:00+0000,432.4,432.5,432.0,432.0,8
2022-09-27T04:00:00+0000,432.0,432.1,431.6,431.6,15
2022-09-27T05:00:00+0000,432.1,432.9,432.0,432.9,9
2022-09-27T06:00:00+0000,432.9,433.4,432.9,433.2,36
2022-09-27T07:00:00+0000,433.3,434.3,433.3,433.9,49
2022-09-27T08:00:00+0000,433.8,434.2,432.7,433.1,60
2022-09-27T09:00:00+0000,433.3,434.0,433.2,433.4,60
2022-09-27T10:00:00+0000,433.5,435.0,433.5,435.0,299
2022-09-27T11:00:00+0000,434.6,435.0,434.0,434.0,59
2022-09-27T12:00:00+0000,433.9,434.4,433.7,434.0,87
2022-09-27T13:00:00+0000,434.0,435.4,432.1,433.2,669
2022-09-27T14:00:00+0000,433.3,433.8,428.4,429.4,1112
2022-09-27T15:00:00+0000,429.2,429.4,426.4,427.6,609
2022-09-27T16:00:00+0000,427.3,429.6,427.3,428.3,422
2022-09-27T17:00:00+0000,428.0,428.1,426.3,427.6,494
2022-09-27T18:00:00+0000,427.6,427.6,425.6,426.6,373
2022-09-28T00:00:00+0000,427.0,427.2,425.6,425.7,136
2022-09-28T01:00:00+0000,426.2,426.2,424.2,424.5,195
2022-09-28T02:00:00+0000,424.5,424.6,424.2,424.6,22
2022-09-28T03:00:00+0000,425.0,425.9,425.0,425.9,5
2022-09-28T04:00:00+0000,425.0,425.0,424.3,424.3,6
2022-09-28T05:00:00+0000,424.1,425.2,424.0,425.2,22
2022-09-28T06:00:00+0000,425.7,425.8,424.9,424.9,25
2022-09-28T07:00:00+0000,425.0,425.0,424.0,424.0,55
2022-09-28T08:00:00+0000,423.9,423.9,423.4,423.5,37
2022-09-28T09:00:00+0000,423.9,424.0,423.0,423.1,61
2022-09-28T10:00:00+0000,423.1,425.4,423.0,425.4,264
2022-09-28T11:00:00+0000,425.4,427.5,425.3,426.5,98
2022-09-28T12:00:00+0000,426.2,426.6,425.7,426.2,86
2022-09-28T13:00:00+0000,427.6,428.3,424.2,424.4,354
2022-09-28T14:00:00+0000,424.5,426.2,421.8,421.8,639
2022-09-28T15:00:00+0000,421.8,423.0,421.3,421.5,739
2022-09-28T16:00:00+0000,421.7,422.6,419.5,420.3,861
2022-09-28T17:00:00+0000,420.3,423.8,420.0,421.6,1357
2022-09-28T18:00:00+0000,421.7,422.2,420.8,422.2,708
2022-09-29T00:00:00+0000,422.5,423.5,421.2,421.9,151
2022-09-29T01:00:00+0000,421.0,422.9,421.0,422.9,12
2022-09-29T02:00:00+0000,422.5,422.5,421.5,421.5,3
2022-09-29T04:00:00+0000,423.8,424.5,423.8,424.1,8
2022-09-29T05:00:00+0000,423.2,423.2,422.0,422.4,34
2022-09-29T06:00:00+0000,422.6,422.7,421.8,422.3,26
2022-09-29T07:00:00+0000,422.0,422.0,419.5,420.0,243
2022-09-29T08:00:00+0000,419.6,420.2,419.1,419.9,30
2022-09-29T09:00:00+0000,419.7,420.9,419.7,420.9,30
2022-09-29T10:00:00+0000,421.3,421.5,421.0,421.4,23
2022-09-29T11:00:00+0000,421.4,421.6,419.8,419.8,52
2022-09-29T12:00:00+0000,420.1,420.1,417.8,418.8,153
2022-09-29T13:00:00+0000,419.9,420.9,414.8,416.7,535
2022-09-29T14:00:00+0000,416.3,416.3,410.4,411.2,746
2022-09-29T15:00:00+0000,411.2,413.7,410.6,411.6,453
2022-09-29T16:00:00+0000,411.5,411.5,409.4,410.2,477
2022-09-29T17:00:00+0000,410.4,411.0,408.5,409.0,354
2022-09-29T18:00:00+0000,409.2,409.5,408.0,409.0,301
2022-09-30T00:00:00+0000,409.0,410.2,409.0,410.2,46
2022-09-30T06:00:00+0000,409.4,410.0,409.4,409.9,11
2022-09-30T08:00:00+0000,411.4,413.1,411.4,413.1,18
2022-09-30T10:00:00+0000,413.8,413.8,413.8,413.8,5
2022-09-30T11:00:00+0000,411.8,412.8,411.7,412.5,77
2022-09-30T12:00:00+0000,411.7,412.5,411.7,412.5,5
2022-09-30T13:00:00+0000,412.1,412.1,410.1,410.6,96
2022-09-30T14:00:00+0000,411.3,415.0,411.0,413.4,321
2022-09-30T15:00:00+0000,413.9,414.5,411.4,414.0,90
2022-09-30T16:00:00+0000,412.5,412.6,405.2,408.8,90
2022-09-30T17:00:00+0000,409.6,410.1,408.3,409.0,117
2022-09-30T18:00:00+0000,408.0,408.0,402.1,402.1,142
2022-10-03T00:00:00+0000,403.2,405.0,403.2,405.0,21
2022-10-03T01:00:00+0000,404.2,404.2,404.2,404.2,1
2022-10-03T07:00:00+0000,404.5,404.5,404.0,404.0,59
2022-10-03T09:00:00+0000,404.2,404.2,404.0,404.0,43
2022-10-03T10:00:00+0000,404.0,404.0,404.0,404.0,6
2022-10-03T12:00:00+0000,402.5,402.5,402.5,402.5,4
2022-10-03T13:00:00+0000,402.5,404.2,402.5,402.8,34
2022-10-03T14:00:00+0000,402.5,404.7,402.4,403.0,7
2022-10-03T15:00:00+0000,403.8,404.0,402.9,402.9,55
2022-10-03T16:00:00+0000,402.8,403.0,401.9,402.5,27
2022-10-03T17:00:00+0000,404.6,406.0,404.1,405.5,51
2022-10-03T18:00:00+0000,406.5,406.5,405.5,405.5,10
2022-10-04T06:00:00+0000,408.9,408.9,408.9,408.9,2
2022-10-04T11:00:00+0000,409.2,409.3,409.2,409.3,3
2022-10-04T12:00:00+0000,408.5,408.5,408.5,408.5,3
2022-10-04T13:00:00+0000,408.3,413.9,408.3,410.4,36
2022-10-04T14:00:00+0000,408.6,408.7,408.6,408.7,8
2022-10-04T15:00:00+0000,408.8,408.8,403.5,403.7,127
2022-10-04T16:00:00+0000,405.5,406.8,405.5,406.7,4
2022-10-04T18:00:00+0000,403.2,403.3,403.2,403.3,2
2022-10-05T00:00:00+0000,408.8,408.8,408.8,408.8,1
2022-10-05T13:00:00+0000,406.1,406.1,402.4,403.4,27
2022-10-05T14:00:00+0000,402.1,403.9,402.1,403.9,4
2022-10-05T15:00:00+0000,405.0,406.5,404.8,405.7,15
2022-10-05T16:00:00+0000,404.5,404.5,404.5,404.5,4
2022-10-05T17:00:00+0000,405.5,405.5,405.5,405.5,2
2022-10-05T18:00:00+0000,403.5,404.4,402.2,402.2,8
2022-10-06T00:00:00+0000,405.7,405.7,405.7,405.7,4
2022-10-06T06:00:00+0000,402.5,402.5,402.5,402.5,1
2022-10-06T09:00:00+0000,402.5,402.5,402.5,402.5,1
2022-10-06T13:00:00+0000,402.5,405.6,402.5,402.6,53
2022-10-06T14:00:00+0000,405.1,405.1,401.9,401.9,2
2022-10-06T15:00:00+0000,397.8,397.8,397.8,397.8,3
2022-10-06T17:00:00+0000,398.0,399.7,398.0,399.7,8
2022-10-07T04:00:00+0000,399.7,399.7,399.7,399.7,2
2022-10-07T13:00:00+0000,397.1,397.1,397.1,397.1,5
2022-10-07T16:00:00+0000,402.2,402.2,402.2,402.2,6
2022-10-07T17:00:00+0000,405.7,405.7,405.7,405.7,1
2022-10-10T14:00:00+0000,407.3,407.3,407.3,407.3,1
2022-10-10T17:00:00+0000,410.0,410.0,410.0,410.0,1
2022-10-10T18:00:00+0000,410.4,410.7,410.4,410.7,2
2022-10-11T15:00:00+0000,410.6,410.6,410.6,410.6,3
2022-10-11T18:00:00+0000,411.6,411.6,411.6,411.6,1
2022-10-12T00:00:00+0000,410.4,410.4,410.4,410.4,1
2022-10-12T16:00:00+0000,420.4,420.5,420.4,420.5,15
2022-10-12T17:00:00+0000,424.3,424.3,424.3,424.3,3
2022-10-12T18:00:00+0000,423.6,423.6,423.6,423.6,3
2022-10-13T14:00:00+0000,419.0,419.0,419.0,419.0,3
2022-10-13T15:00:00+0000,420.4,420.4,419.0,419.0,5
